[[236  69   0   0   0   0   0   0   0   0   0   0  10   1   0   0   1   0
    0]
 [ 71 479   0   0   0   0   0   0   1   0   0   0  21   5   0   0   3   0
    3]
 [ 19  18   1   0   0   0   0   0   0   0   0   0   1   0   0   0   0   0
    0]
 [  9  75   0  15   0   0   0   0   0   0   0   1   2   8   0   0   0   0
    3]
 [  0   6   0   0   0   0   0   0   0   0   1   0  15   0   0   0   0   0
    0]
 [  3   8   0   0   0   0   0   0   0   0   0   1   7   0   0   0   0   0
    1]
 [  1   5   0   0   0   0   0   0   0   0   0   0   5   0   0   0   0   0
    0]
 [  6  16   0   0   0   0   0   4   0   0   1   0   1   7   0   0   0   0
    1]
 [  1  16   0   0   0   0   0   0   5   0   0   0   2   2   0   0   0   0
    0]
 [  1   2   0   0   0   0   0   0   0   0   1   0   0   2   0   0   0   0
    0]
 [  4  11   0   0   0   0   0   1   0   0   9   0   1   0   0   0   0   0
    4]
 [  2  13   0   2   0   0   0   0   0   0   0   0   2   2   0   0   0   0
    9]
 [ 26  77   0   0   0   0   0   0   0   0   0   0  84   5   0   0   3   0
    4]
 [  8  36   0   5   0   0   0   1   0   0   0   0   5  45   0   0   0   0
    3]
 [  1  14   0   0   0   0   1   0   0   0   0   0   1   3   0   0   0   0
    0]
 [  0   0   0   0   0   0   0   0   0   0   0   0   0   0   0   0   0   0
    2]
 [  3  31   0   0   0   0   0   0   0   0   2   0   1   1   0   0   4   0
    0]
 [  0   1   0   0   0   0   0   0   0   0   0   0   0   0   0   0   0   0
    0]
 [  1  17   0   0   0   0   0   1   0   0   3   0   1   3   0   0   2   0
   62]]
              precision    recall  f1-score   support

           1       0.60      0.74      0.67       317
           2       0.54      0.82      0.65       583
           3       1.00      0.03      0.05        39
           4       0.68      0.13      0.22       113
           5       0.00      0.00      0.00        22
           6       0.00      0.00      0.00        20
           7       0.00      0.00      0.00        11
           9       0.57      0.11      0.19        36
          10       0.83      0.19      0.31        26
          11       0.00      0.00      0.00         6
          12       0.53      0.30      0.38        30
          13       0.00      0.00      0.00        30
          14       0.53      0.42      0.47       199
          15       0.54      0.44      0.48       103
          16       0.00      0.00      0.00        20
          18       0.00      0.00      0.00         2
          19       0.31      0.10      0.15        42
          20       0.00      0.00      0.00         1
          21       0.67      0.69      0.68        90

    accuracy                           0.56      1690
   macro avg       0.36      0.21      0.22      1690
weighted avg       0.54      0.56      0.50      1690

[[248  58   0   0   0   0   0   0   1   0   0   0  14   2   0   0   0   0
    0   0]
 [ 66 452   0   6   0   0   0   0   2   0   0   2  24   6   0   0   0   5
    0   6]
 [ 33  17   1   0   0   0   0   0   1   0   0   0   4   2   0   0   0   0
    0   0]
 [ 16  58   0  14   0   0   0   0   1   0   0   2   3   3   0   0   0   1
    0   5]
 [  0   6   0   0   0   0   0   0   0   0   0   0  11   0   0   0   0   0
    0   1]
 [  2   7   0   0   0   0   0   0   0   0   0   0  16   0   0   0   0   0
    0   1]
 [  2   5   0   0   0   0   0   0   0   0   0   0   4   0   0   0   0   0
    0   0]
 [  6  19   0   0   0   0   0   7   0   0   1   0   0   0   0   0   0   0
    0   2]
 [  1  16   0   0   0   0   0   0   5   0   1   0   1   0   0   0   0   1
    0   0]
 [  1   1   0   0   0   0   0   0   0   0   1   0   0   3   0   0   0   0
    0   0]
 [  3   7   0   0   0   0   0   0   0   0  12   0   2   1   0   0   0   0
    0   2]
 [  3   8   0   1   0   0   0   0   0   0   0   4   1   1   0   0   0   0
    0   7]
 [ 38  77   0   0   0   1   0   0   0   0   1   1  75   3   0   0   0   4
    0   3]
 [  9  38   0   6   0   0   0   2   0   1   0   1   5  41   0   0   0   0
    0   4]
 [  2  11   0   1   0   0   1   0   0   0   0   0   1   1   0   0   0   0
    0   0]
 [  1   0   0   0   0   0   0   0   0   0   0   0   0   0   0   0   0   0
    0   0]
 [  0   1   0   0   0   0   0   0   0   0   0   0   0   0   0   0   0   0
    0   1]
 [  8  20   0   0   0   0   0   0   0   0   2   0   1   2   0   0   0   5
    0   0]
 [  0   0   0   1   0   0   0   0   0   0   0   0   0   0   0   0   0   0
    0   0]
 [  1  17   0   1   0   0   0   1   0   0   4   4   2   0   0   0   0   1
    0  64]]
              precision    recall  f1-score   support

           1       0.56      0.77      0.65       323
           2       0.55      0.79      0.65       569
           3       1.00      0.02      0.03        58
           4       0.47      0.14      0.21       103
           5       0.00      0.00      0.00        18
           6       0.00      0.00      0.00        26
           7       0.00      0.00      0.00        11
           9       0.70      0.20      0.31        35
          10       0.50      0.20      0.29        25
          11       0.00      0.00      0.00         6
          12       0.55      0.44      0.49        27
          13       0.29      0.16      0.21        25
          14       0.46      0.37      0.41       203
          15       0.63      0.38      0.48       107
          16       0.00      0.00      0.00        17
          17       0.00      0.00      0.00         1
          18       0.00      0.00      0.00         2
          19       0.29      0.13      0.18        38
          20       0.00      0.00      0.00         1
          21       0.67      0.67      0.67        95

    accuracy                           0.55      1690
   macro avg       0.33      0.21      0.23      1690
weighted avg       0.53      0.55      0.50      1690

[[241  75   0   0   0   0   0   0   0   0   0   0   0  12   1   0   0   0
    1]
 [ 50 491   0   3   0   0   0   0   0   1   0   1   0  16   2   0   0   0
    4]
 [ 19  17   1   0   0   0   0   0   0   0   0   0   0   5   0   0   0   0
    0]
 [  9  73   0  14   0   0   0   0   0   0   0   0   1   1   3   0   0   0
    3]
 [  3   7   0   0   0   0   0   0   0   0   0   0   0  10   0   0   0   0
    0]
 [  3   8   0   0   0   0   0   0   0   0   0   0   0   6   0   0   0   0
    0]
 [  3   5   0   0   0   0   0   0   0   0   0   0   0   3   0   0   0   0
    0]
 [  0   1   0   0   0   0   0   0   0   0   0   0   0   0   0   0   0   0
    0]
 [  6  20   0   0   0   0   0   0   3   0   0   1   0   2   4   0   0   0
    3]
 [  3  17   0   0   0   0   0   0   0   2   0   0   0   0   0   0   0   0
    1]
 [  1   0   0   1   0   0   0   0   1   0   0   0   0   0   5   0   0   0
    0]
 [  6   8   0   0   0   0   0   0   1   0   0  11   0   1   1   0   0   0
    2]
 [  1  12   0   1   0   0   0   0   0   0   0   0   2   2   0   0   0   0
   12]
 [ 39  85   0   0   0   0   0   0   0   0   0   0   1  73   3   0   0   0
    4]
 [  9  39   0   3   0   0   0   0   2   0   0   0   0   3  35   0   0   0
    1]
 [  0  10   0   1   0   0   1   0   0   0   0   0   0   0   1   0   0   0
    0]
 [  0   1   0   0   0   0   0   0   0   0   0   0   0   0   1   0   0   0
    0]
 [  6  32   0   0   0   0   0   0   0   0   0   0   0   3   0   0   0   0
    1]
 [  1  19   0   1   0   0   0   0   2   0   0   3   0   4   2   0   0   0
   81]]
              precision    recall  f1-score   support

           1       0.60      0.73      0.66       330
           2       0.53      0.86      0.66       568
           3       1.00      0.02      0.05        42
           4       0.58      0.13      0.22       104
           5       0.00      0.00      0.00        20
           6       0.00      0.00      0.00        17
           7       0.00      0.00      0.00        11
           8       0.00      0.00      0.00         1
           9       0.33      0.08      0.12        39
          10       0.67      0.09      0.15        23
          11       0.00      0.00      0.00         8
          12       0.69      0.37      0.48        30
          13       0.50      0.07      0.12        30
          14       0.52      0.36      0.42       205
          15       0.60      0.38      0.47        92
          16       0.00      0.00      0.00        13
          18       0.00      0.00      0.00         2
          19       0.00      0.00      0.00        42
          21       0.72      0.72      0.72       113

    accuracy                           0.56      1690
   macro avg       0.36      0.20      0.21      1690
weighted avg       0.54      0.56      0.51      1690

[[  0   0   0   0   0   0   0   0   0   0   0   0   0   0   1   0   0   0
    0   0   0]
 [  0 248  63   0   0   0   0   0   0   1   0   0   0   0   9   0   0   0
    0   0   0]
 [  0  62 484   0   4   0   0   0   0   0   1   0   0   1  14   3   0   0
    6   0  10]
 [  0  21  16   1   1   0   0   0   0   0   0   0   0   0   4   0   0   0
    0   0   1]
 [  0   9  63   0  17   0   0   0   0   0   1   0   1   1   1   2   0   0
    0   0   2]
 [  0   1   5   0   0   0   0   0   0   0   0   0   0   0   8   0   0   0
    0   0   0]
 [  0   2  10   0   0   0   0   0   0   0   0   0   0   1   2   0   0   0
    0   0   0]
 [  0   0   9   0   0   0   0   0   0   0   0   0   0   0   2   0   1   0
    0   0   0]
 [  0   1   2   0   0   0   0   0   0   0   0   0   0   0   0   0   0   0
    0   0   0]
 [  0   8  14   0   0   0   0   0   0   6   0   0   0   0   0   4   0   0
    1   0   1]
 [  0   3  19   0   0   0   0   0   0   0   1   0   0   0   0   0   0   0
    0   0   1]
 [  0   2   3   0   0   0   0   0   0   0   0   0   0   0   3   3   0   0
    0   0   0]
 [  0   5  12   0   0   0   0   0   0   1   0   1  12   0   1   1   0   0
    0   0   1]
 [  0   2   9   0   1   0   0   0   0   0   0   0   0   2   2   0   0   0
    0   0  12]
 [  0  30  90   0   1   0   1   0   0   1   0   0   1   2  64   3   0   0
    2   0   3]
 [  0  11  38   0   1   0   0   0   0   2   0   0   1   0   3  43   0   0
    4   0   2]
 [  0   2   6   0   0   0   0   0   0   0   0   0   0   0   0   1   1   0
    0   0   0]
 [  0   0   1   0   0   0   0   0   0   0   0   0   0   0   0   2   0   0
    0   0   0]
 [  0   6  29   0   0   0   0   0   0   0   0   0   1   0   2   0   0   0
    5   0   1]
 [  0   0   1   0   0   0   0   0   0   0   0   0   0   0   0   0   0   0
    0   0   0]
 [  0   0  16   0   0   0   0   0   0   0   0   0   0   0   1   3   0   0
    2   0  84]]
              precision    recall  f1-score   support

           0       0.00      0.00      0.00         1
           1       0.60      0.77      0.68       321
           2       0.54      0.83      0.66       585
           3       1.00      0.02      0.04        44
           4       0.68      0.18      0.28        97
           5       0.00      0.00      0.00        14
           6       0.00      0.00      0.00        15
           7       0.00      0.00      0.00        12
           8       0.00      0.00      0.00         3
           9       0.55      0.18      0.27        34
          10       0.33      0.04      0.07        24
          11       0.00      0.00      0.00        11
          12       0.75      0.35      0.48        34
          13       0.29      0.07      0.11        28
          14       0.55      0.32      0.41       198
          15       0.66      0.41      0.51       105
          16       0.50      0.10      0.17        10
          18       0.00      0.00      0.00         3
          19       0.25      0.11      0.16        44
          20       0.00      0.00      0.00         1
          21       0.71      0.79      0.75       106

    accuracy                           0.57      1690
   macro avg       0.35      0.20      0.22      1690
weighted avg       0.56      0.57      0.52      1690

