[[  0 316   0   0   0   0   0   0   0   0   0   0   0   0   0   0   0   0
    0   0   0]
 [  0 585   0   0   0   0   0   0   0   0   0   0   0   0   0   0   0   0
    0   0   0]
 [  0  44   0   0   0   0   0   0   0   0   0   0   0   0   0   0   0   0
    0   0   0]
 [  0  95   0   0   0   0   0   0   0   0   0   0   0   0   0   0   0   0
    0   0   0]
 [  0  17   0   0   0   0   0   0   0   0   0   0   0   0   0   0   0   0
    0   0   0]
 [  0  14   0   0   0   0   0   0   0   0   0   0   0   0   0   0   0   0
    0   0   0]
 [  0  15   0   0   0   0   0   0   0   0   0   0   0   0   0   0   0   0
    0   0   0]
 [  0   1   0   0   0   0   0   0   0   0   0   0   0   0   0   0   0   0
    0   0   0]
 [  0  34   0   0   0   0   0   0   0   0   0   0   0   0   0   0   0   0
    0   0   0]
 [  0  23   0   0   0   0   0   0   0   0   0   0   0   0   0   0   0   0
    0   0   0]
 [  0   4   0   0   0   0   0   0   0   0   0   0   0   0   0   0   0   0
    0   0   0]
 [  0  39   0   0   0   0   0   0   0   0   0   0   0   0   0   0   0   0
    0   0   0]
 [  0  27   0   0   0   0   0   0   0   0   0   0   0   0   0   0   0   0
    0   0   0]
 [  0 201   0   0   0   0   0   0   0   0   0   0   0   0   0   0   0   0
    0   0   0]
 [  0 121   0   0   0   0   0   0   0   0   0   0   0   0   0   0   0   0
    0   0   0]
 [  0  15   0   0   0   0   0   0   0   0   0   0   0   0   0   0   0   0
    0   0   0]
 [  0   1   0   0   0   0   0   0   0   0   0   0   0   0   0   0   0   0
    0   0   0]
 [  0   3   0   0   0   0   0   0   0   0   0   0   0   0   0   0   0   0
    0   0   0]
 [  0  37   0   0   0   0   0   0   0   0   0   0   0   0   0   0   0   0
    0   0   0]
 [  0   1   0   0   0   0   0   0   0   0   0   0   0   0   0   0   0   0
    0   0   0]
 [  0  97   0   0   0   0   0   0   0   0   0   0   0   0   0   0   0   0
    0   0   0]]
              precision    recall  f1-score   support

           1       0.00      0.00      0.00       316
           2       0.35      1.00      0.51       585
           3       0.00      0.00      0.00        44
           4       0.00      0.00      0.00        95
           5       0.00      0.00      0.00        17
           6       0.00      0.00      0.00        14
           7       0.00      0.00      0.00        15
           8       0.00      0.00      0.00         1
           9       0.00      0.00      0.00        34
          10       0.00      0.00      0.00        23
          11       0.00      0.00      0.00         4
          12       0.00      0.00      0.00        39
          13       0.00      0.00      0.00        27
          14       0.00      0.00      0.00       201
          15       0.00      0.00      0.00       121
          16       0.00      0.00      0.00        15
          17       0.00      0.00      0.00         1
          18       0.00      0.00      0.00         3
          19       0.00      0.00      0.00        37
          20       0.00      0.00      0.00         1
          21       0.00      0.00      0.00        97

    accuracy                           0.35      1690
   macro avg       0.02      0.05      0.02      1690
weighted avg       0.12      0.35      0.18      1690

[[  0 298   0   0   0   0   0   0   0   0   0   0   0   0   0   0   0   0
    0]
 [  0 581   0   0   0   0   0   0   0   0   0   0   0   0   0   0   0   0
    0]
 [  0  56   0   0   0   0   0   0   0   0   0   0   0   0   0   0   0   0
    0]
 [  0 107   0   0   0   0   0   0   0   0   0   0   0   0   0   0   0   0
    0]
 [  0  18   0   0   0   0   0   0   0   0   0   0   0   0   0   0   0   0
    0]
 [  0  16   0   0   0   0   0   0   0   0   0   0   0   0   0   0   0   0
    0]
 [  0  11   0   0   0   0   0   0   0   0   0   0   0   0   0   0   0   0
    0]
 [  0  32   0   0   0   0   0   0   0   0   0   0   0   0   0   0   0   0
    0]
 [  0  26   0   0   0   0   0   0   0   0   0   0   0   0   0   0   0   0
    0]
 [  0   5   0   0   0   0   0   0   0   0   0   0   0   0   0   0   0   0
    0]
 [  0  28   0   0   0   0   0   0   0   0   0   0   0   0   0   0   0   0
    0]
 [  0  34   0   0   0   0   0   0   0   0   0   0   0   0   0   0   0   0
    0]
 [  0 230   0   0   0   0   0   0   0   0   0   0   0   0   0   0   0   0
    0]
 [  0  88   0   0   0   0   0   0   0   0   0   0   0   0   0   0   0   0
    0]
 [  0  13   0   0   0   0   0   0   0   0   0   0   0   0   0   0   0   0
    0]
 [  0   1   0   0   0   0   0   0   0   0   0   0   0   0   0   0   0   0
    0]
 [  0   2   0   0   0   0   0   0   0   0   0   0   0   0   0   0   0   0
    0]
 [  0  39   0   0   0   0   0   0   0   0   0   0   0   0   0   0   0   0
    0]
 [  0 105   0   0   0   0   0   0   0   0   0   0   0   0   0   0   0   0
    0]]
              precision    recall  f1-score   support

           1       0.00      0.00      0.00       298
           2       0.34      1.00      0.51       581
           3       0.00      0.00      0.00        56
           4       0.00      0.00      0.00       107
           5       0.00      0.00      0.00        18
           6       0.00      0.00      0.00        16
           7       0.00      0.00      0.00        11
           9       0.00      0.00      0.00        32
          10       0.00      0.00      0.00        26
          11       0.00      0.00      0.00         5
          12       0.00      0.00      0.00        28
          13       0.00      0.00      0.00        34
          14       0.00      0.00      0.00       230
          15       0.00      0.00      0.00        88
          16       0.00      0.00      0.00        13
          17       0.00      0.00      0.00         1
          18       0.00      0.00      0.00         2
          19       0.00      0.00      0.00        39
          21       0.00      0.00      0.00       105

    accuracy                           0.34      1690
   macro avg       0.02      0.05      0.03      1690
weighted avg       0.12      0.34      0.18      1690

[[  0 321   0   0   0   0   0   0   0   0   0   0   0   0   0   0   0   0
    0   0]
 [  0 547   0   0   0   0   0   0   0   0   0   0   0   0   0   0   0   0
    0   0]
 [  0  60   0   0   0   0   0   0   0   0   0   0   0   0   0   0   0   0
    0   0]
 [  0 103   0   0   0   0   0   0   0   0   0   0   0   0   0   0   0   0
    0   0]
 [  0  18   0   0   0   0   0   0   0   0   0   0   0   0   0   0   0   0
    0   0]
 [  0  19   0   0   0   0   0   0   0   0   0   0   0   0   0   0   0   0
    0   0]
 [  0  15   0   0   0   0   0   0   0   0   0   0   0   0   0   0   0   0
    0   0]
 [  0   1   0   0   0   0   0   0   0   0   0   0   0   0   0   0   0   0
    0   0]
 [  0  42   0   0   0   0   0   0   0   0   0   0   0   0   0   0   0   0
    0   0]
 [  0  26   0   0   0   0   0   0   0   0   0   0   0   0   0   0   0   0
    0   0]
 [  0   2   0   0   0   0   0   0   0   0   0   0   0   0   0   0   0   0
    0   0]
 [  0  25   0   0   0   0   0   0   0   0   0   0   0   0   0   0   0   0
    0   0]
 [  0  30   0   0   0   0   0   0   0   0   0   0   0   0   0   0   0   0
    0   0]
 [  0 205   0   0   0   0   0   0   0   0   0   0   0   0   0   0   0   0
    0   0]
 [  0 104   0   0   0   0   0   0   0   0   0   0   0   0   0   0   0   0
    0   0]
 [  0  13   0   0   0   0   0   0   0   0   0   0   0   0   0   0   0   0
    0   0]
 [  0   1   0   0   0   0   0   0   0   0   0   0   0   0   0   0   0   0
    0   0]
 [  0   2   0   0   0   0   0   0   0   0   0   0   0   0   0   0   0   0
    0   0]
 [  0  37   0   0   0   0   0   0   0   0   0   0   0   0   0   0   0   0
    0   0]
 [  0 119   0   0   0   0   0   0   0   0   0   0   0   0   0   0   0   0
    0   0]]
              precision    recall  f1-score   support

           1       0.00      0.00      0.00       321
           2       0.32      1.00      0.49       547
           3       0.00      0.00      0.00        60
           4       0.00      0.00      0.00       103
           5       0.00      0.00      0.00        18
           6       0.00      0.00      0.00        19
           7       0.00      0.00      0.00        15
           8       0.00      0.00      0.00         1
           9       0.00      0.00      0.00        42
          10       0.00      0.00      0.00        26
          11       0.00      0.00      0.00         2
          12       0.00      0.00      0.00        25
          13       0.00      0.00      0.00        30
          14       0.00      0.00      0.00       205
          15       0.00      0.00      0.00       104
          16       0.00      0.00      0.00        13
          17       0.00      0.00      0.00         1
          18       0.00      0.00      0.00         2
          19       0.00      0.00      0.00        37
          21       0.00      0.00      0.00       119

    accuracy                           0.32      1690
   macro avg       0.02      0.05      0.02      1690
weighted avg       0.10      0.32      0.16      1690

