[[234  57   0   0   0   0   0   0   0   0   0   0   0  13   1   0   0   0
    0   0   2]
 [ 85 460   0   3   0   1   0   0   1   0   0   2   0  27   7   0   0   0
    5   0   1]
 [ 21  16   3   0   0   0   1   0   0   0   0   0   0   2   0   0   0   0
    1   0   1]
 [ 16  67   0  13   0   0   0   0   0   0   0   0   2   3   4   0   0   0
    1   0   2]
 [  4   4   0   0   0   0   0   0   0   0   0   0   0   4   0   0   0   0
    0   0   0]
 [  1   2   0   0   0   0   1   0   0   0   0   0   0  10   1   0   0   0
    0   0   0]
 [  1   1   0   0   0   0   1   0   0   0   0   0   0  11   0   0   0   0
    1   0   0]
 [  0   1   0   0   0   0   0   0   0   0   0   0   0   0   0   0   0   0
    0   0   0]
 [  5   6   0   0   0   0   0   0   7   0   0   3   1  10   4   0   0   0
    6   0   1]
 [  0   5   0   0   0   0   0   0   1   3   0   6   0   3   4   1   0   0
    4   0   0]
 [  0   2   0   0   0   0   0   0   0   0   1   0   0   1   1   0   0   0
    0   0   0]
 [  1   4   0   0   0   0   0   0   1   0   0  14   0   3   0   0   0   1
    0   0   4]
 [  0   2   0   0   0   0   0   0   0   0   0   0   2   5   0   0   0   0
    2   0  13]
 [  1  16   2   1   0   2   1   0   0   0   0   0   0 184   2   0   0   0
    2   0   3]
 [  7  27   0   3   0   0   0   0   2   1   0   1   1   5  47   0   0   0
    7   0   3]
 [  1   9   0   0   0   0   0   0   0   0   0   0   0   3   2   0   0   0
    2   0   0]
 [  1   0   0   0   0   0   0   0   0   0   0   0   0   0   0   0   0   0
    0   0   0]
 [  0   1   0   0   0   0   0   0   0   0   0   0   0   0   0   0   0   0
    1   0   0]
 [  0   0   0   0   0   0   0   0   0   1   0   4   0   1   7   0   0   0
   27   0   0]
 [  0   0   0   1   0   0   0   0   0   0   0   0   0   0   0   0   0   0
    0   0   0]
 [  0   8   0   0   0   0   0   0   0   0   0   2   1  11   3   0   0   0
    0   0  64]]
              precision    recall  f1-score   support

           1       0.62      0.76      0.68       307
           2       0.67      0.78      0.72       592
           3       0.60      0.07      0.12        45
           4       0.62      0.12      0.20       108
           5       0.00      0.00      0.00        12
           6       0.00      0.00      0.00        15
           7       0.25      0.07      0.11        15
           8       0.00      0.00      0.00         1
           9       0.58      0.16      0.25        43
          10       0.60      0.11      0.19        27
          11       1.00      0.20      0.33         5
          12       0.44      0.50      0.47        28
          13       0.29      0.08      0.13        24
          14       0.62      0.86      0.72       214
          15       0.57      0.45      0.50       104
          16       0.00      0.00      0.00        17
          17       0.00      0.00      0.00         1
          18       0.00      0.00      0.00         2
          19       0.46      0.68      0.55        40
          20       0.00      0.00      0.00         1
          21       0.68      0.72      0.70        89

    accuracy                           0.63      1690
   macro avg       0.38      0.26      0.27      1690
weighted avg       0.60      0.63      0.58      1690

[[  0   0   1   0   0   0   0   0   0   0   0   0   0   0   0   0   0   0
    0   0   0]
 [  0 224  68   0   0   0   0   0   0   0   0   0   1   0  13   2   0   0
    0   0   2]
 [  0  61 475   0   9   1   0   0   0   1   3   0   0   1  34   7   0   0
    4   0   4]
 [  0  17  21   2   1   0   0   0   0   0   0   0   1   0   6   1   0   0
    0   0   1]
 [  0   9  68   0  15   0   0   0   0   0   1   0   1   1   5   3   0   0
    1   0   3]
 [  0   5   8   0   0   0   0   0   0   0   0   0   0   0   5   0   0   0
    0   0   0]
 [  0   2   0   0   0   0   0   0   0   0   0   0   0   0   9   1   0   0
    0   0   0]
 [  0   2   1   0   0   0   0   0   0   0   0   0   0   0  10   0   0   0
    0   0   0]
 [  0   0   2   0   0   0   0   0   0   0   0   0   0   0   0   0   0   0
    0   0   0]
 [  0   3   9   0   0   0   0   0   0   2   0   0   2   2   8   6   0   0
    5   0   2]
 [  0   0   3   0   0   0   0   0   0   3   9   0   1   0   1   2   0   0
    3   0   0]
 [  0   0   6   0   0   0   0   0   0   0   0   0   0   0   2   0   0   0
    0   0   0]
 [  0   0   2   0   0   0   0   0   0   4   0   0  13   1   2   1   0   0
    0   0   5]
 [  0   2   4   0   2   0   0   0   0   0   0   0   0   2   8   2   0   0
    1   0  14]
 [  0   5  11   0   1   0   0   1   0   2   0   0   0   2 165   0   0   0
    1   0   4]
 [  0   4  31   0   2   0   0   0   0   0   0   0   0   0  11  47   0   0
   13   0   2]
 [  0   5   9   0   0   0   0   0   0   0   0   0   0   0   1   2   1   0
    1   0   0]
 [  0   0   1   0   0   0   0   0   0   0   0   0   0   0   0   0   0   0
    0   0   0]
 [  0   0   3   0   0   0   0   0   0   0   0   0   2   0   0   4   0   0
   16   0   0]
 [  0   0   0   0   0   0   0   0   0   0   0   0   0   0   1   0   0   0
    0   0   0]
 [  0   0   3   0   0   0   0   0   0   0   0   0   0   2  15   4   0   0
    0   0  73]]
              precision    recall  f1-score   support

           0       0.00      0.00      0.00         1
           1       0.66      0.72      0.69       310
           2       0.65      0.79      0.72       600
           3       1.00      0.04      0.08        50
           4       0.50      0.14      0.22       107
           5       0.00      0.00      0.00        18
           6       0.00      0.00      0.00        12
           7       0.00      0.00      0.00        13
           8       0.00      0.00      0.00         2
           9       0.17      0.05      0.08        39
          10       0.69      0.41      0.51        22
          11       0.00      0.00      0.00         8
          12       0.62      0.46      0.53        28
          13       0.18      0.06      0.09        35
          14       0.56      0.86      0.68       192
          15       0.57      0.43      0.49       110
          16       1.00      0.05      0.10        19
          18       0.00      0.00      0.00         1
          19       0.36      0.64      0.46        25
          20       0.00      0.00      0.00         1
          21       0.66      0.75      0.71        97

    accuracy                           0.62      1690
   macro avg       0.36      0.26      0.25      1690
weighted avg       0.60      0.62      0.57      1690

[[  0   0   1   0   0   0   0   0   0   0   0   0   0   0   0   0   0   0
    0   0   0]
 [  0 248  49   0   0   0   0   0   0   1   0   0   0   0  14   0   0   0
    0   4   1]
 [  0  71 488   0   6   0   0   0   0   1   1   0   2   1  19   7   0   0
    0   2   2]
 [  0  21  21   0   0   0   0   0   0   0   0   0   0   0   5   1   0   0
    0   0   0]
 [  0  16  54   0  18   0   0   0   0   0   0   0   0   0   4   2   0   0
    0   2   3]
 [  0   4   5   0   0   0   0   0   0   0   0   0   0   0  10   0   0   0
    0   0   0]
 [  0   1   2   0   0   0   0   0   0   0   0   0   0   1  14   0   0   0
    0   0   0]
 [  0   0   2   0   0   0   0   0   0   0   0   0   0   0  12   0   0   0
    0   0   0]
 [  0   0   1   0   0   0   0   0   0   0   0   0   0   0   0   0   0   0
    0   0   0]
 [  0   2   5   0   1   0   0   0   0   8   0   0   4   0   8   4   0   0
    0   5   1]
 [  0   2   7   0   0   0   0   0   0   1   5   0   3   0   1   9   0   0
    0   4   0]
 [  0   0   2   0   0   0   0   0   0   0   0   0   0   0   0   3   0   0
    0   0   0]
 [  0   2   4   0   0   0   0   0   0   2   0   0   9   0   4   0   0   0
    0   1   1]
 [  0   2   4   0   1   0   0   0   0   0   0   0   0   2   7   1   0   0
    0   1   9]
 [  0   5  10   0   1   0   0   0   0   1   0   0   0   0 188   4   0   0
    0   1   5]
 [  0   6  26   0   1   0   0   0   0   0   3   0   2   0   7  47   0   0
    0   6   0]
 [  0   1   6   0   0   0   0   0   0   0   0   0   1   0   2   0   0   0
    0   0   0]
 [  0   0   0   0   0   0   0   0   0   0   0   0   0   0   0   1   0   0
    0   0   0]
 [  0   0   0   0   0   0   0   0   0   0   0   0   0   0   0   1   0   0
    0   0   0]
 [  0   0   1   0   0   0   0   0   0   0   0   0   3   0   1   2   0   0
    0  23   0]
 [  0   1   4   0   0   0   0   0   0   2   0   0   1   0  16   1   0   0
    0   0  68]]
              precision    recall  f1-score   support

           0       0.00      0.00      0.00         1
           1       0.65      0.78      0.71       317
           2       0.71      0.81      0.76       600
           3       0.00      0.00      0.00        48
           4       0.64      0.18      0.28        99
           5       0.00      0.00      0.00        19
           6       0.00      0.00      0.00        18
           7       0.00      0.00      0.00        14
           8       0.00      0.00      0.00         1
           9       0.50      0.21      0.30        38
          10       0.56      0.16      0.24        32
          11       0.00      0.00      0.00         5
          12       0.36      0.39      0.37        23
          13       0.50      0.07      0.13        27
          14       0.60      0.87      0.71       215
          15       0.57      0.48      0.52        98
          16       0.00      0.00      0.00        10
          17       0.00      0.00      0.00         1
          18       0.00      0.00      0.00         1
          19       0.47      0.77      0.58        30
          21       0.76      0.73      0.74        93

    accuracy                           0.65      1690
   macro avg       0.30      0.26      0.25      1690
weighted avg       0.60      0.65      0.61      1690

[[243  71   0   0   0   0   0   0   0   0   0   0   0  10   1   0   0   0
    0]
 [ 55 486   0   3   0   0   0   0   0   2   0   0   3  23   6   0   0   5
    3]
 [ 21  24   4   1   0   0   0   0   0   0   0   0   0   2   1   0   0   0
    0]
 [ 15  63   0  14   0   0   0   0   0   0   0   1   0   3   4   0   0   1
    3]
 [  3   5   0   0   1   0   0   0   0   0   0   0   0   4   0   0   0   1
    0]
 [  1   3   0   0   0   0   0   0   0   0   0   0   0  11   0   0   0   0
    1]
 [  0   2   0   0   0   0   0   0   0   0   0   0   0   8   0   1   0   0
    0]
 [  0   1   0   0   0   0   0   0   0   0   0   0   0   0   0   0   0   0
    0]
 [  3   7   0   0   0   0   0   0   4   0   0   3   0   7   6   0   0   4
    1]
 [  0   5   0   0   0   0   0   0   0   8   0   2   0   0   2   0   0   2
    0]
 [  0   2   0   0   0   0   0   0   0   0   1   0   0   2   1   0   0   0
    0]
 [  3   3   0   0   0   0   0   0   2   1   0  14   0   2   3   0   0   1
    1]
 [  1   2   0   0   0   0   0   0   0   0   0   0   1   7   2   0   0   2
    9]
 [  7  13   0   0   0   0   0   0   0   0   0   1   0 190   4   0   0   3
    7]
 [  5  28   0   2   0   0   0   0   5   1   0   5   0   8  37   0   0   6
    0]
 [  1   8   0   0   0   0   0   0   0   1   0   0   0   2   0   0   0   2
    0]
 [  0   0   0   0   0   0   0   0   1   0   0   0   0   0   2   0   0   0
    0]
 [  0   3   0   0   0   0   0   0   0   0   0   1   0   0   3   0   0  23
    0]
 [  0   5   0   0   0   0   0   0   3   0   0   2   1  17   3   0   0   0
   66]]
              precision    recall  f1-score   support

           1       0.68      0.75      0.71       325
           2       0.66      0.83      0.74       586
           3       1.00      0.08      0.14        53
           4       0.70      0.13      0.23       104
           5       1.00      0.07      0.13        14
           6       0.00      0.00      0.00        16
           7       0.00      0.00      0.00        11
           8       0.00      0.00      0.00         1
           9       0.27      0.11      0.16        35
          10       0.62      0.42      0.50        19
          11       1.00      0.17      0.29         6
          12       0.48      0.47      0.47        30
          13       0.20      0.04      0.07        24
          14       0.64      0.84      0.73       225
          15       0.49      0.38      0.43        97
          16       0.00      0.00      0.00        14
          18       0.00      0.00      0.00         3
          19       0.46      0.77      0.57        30
          21       0.73      0.68      0.70        97

    accuracy                           0.65      1690
   macro avg       0.47      0.30      0.31      1690
weighted avg       0.63      0.65      0.60      1690

