[[231  59   0   0   0   0   0   0   0   0   0   1   0  17   0   0   0   0
    1]
 [ 78 468   0   3   0   0   0   0   1   1   0   0   1  38   5   0   0  10
    7]
 [ 26  26   1   0   0   0   0   0   0   0   0   0   0   2   1   0   0   0
    0]
 [ 14  68   0  18   0   0   0   0   0   0   0   0   0   1   2   0   0   0
    4]
 [  4   2   0   0   0   0   0   0   0   0   0   0   0  12   0   0   0   0
    1]
 [  1   5   0   0   0   0   0   0   0   0   0   0   0   9   0   0   0   0
    0]
 [  3   6   0   0   0   0   0   0   0   0   0   0   0   4   0   0   0   0
    0]
 [  1   1   0   0   0   0   0   0   0   0   0   0   0   0   0   0   0   0
    0]
 [  9  14   0   1   0   0   0   0   6   0   0   1   0   1   5   0   0   0
    1]
 [  3  10   0   0   0   0   0   0   0   1   0   1   0   1   1   0   0   1
    0]
 [  1   2   0   0   0   0   0   0   0   0   1   0   0   1   0   0   0   0
    0]
 [  3  10   0   0   0   0   0   0   3   0   0   8   0   2   1   0   0   0
    2]
 [  4   6   0   1   0   0   0   0   0   0   0   0   0   2   1   0   0   0
   12]
 [ 37  72   0   1   3   0   0   0   0   0   0   0   0  82   0   0   0   2
    6]
 [  6  29   0   1   0   0   0   0   0   0   0   1   1   9  50   0   0   1
    0]
 [  4  12   0   0   0   0   0   0   0   0   0   0   0   1   0   0   0   0
    0]
 [  1   2   0   0   0   0   0   0   0   0   0   0   0   0   0   0   0   0
    1]
 [  3  17   0   0   0   0   0   0   0   0   0   0   0   2   0   0   0   5
    0]
 [  0  14   0   0   0   0   0   0   0   0   0   2   0   2   2   0   0   6
   66]]
              precision    recall  f1-score   support

           1       0.54      0.75      0.63       309
           2       0.57      0.76      0.65       612
           3       1.00      0.02      0.04        56
           4       0.72      0.17      0.27       107
           5       0.00      0.00      0.00        19
           6       0.00      0.00      0.00        15
           7       0.00      0.00      0.00        13
           8       0.00      0.00      0.00         2
           9       0.60      0.16      0.25        38
          10       0.50      0.06      0.10        18
          11       1.00      0.20      0.33         5
          12       0.57      0.28      0.37        29
          13       0.00      0.00      0.00        26
          14       0.44      0.40      0.42       203
          15       0.74      0.51      0.60        98
          16       0.00      0.00      0.00        17
          18       0.00      0.00      0.00         4
          19       0.20      0.19      0.19        27
          21       0.65      0.72      0.68        92

    accuracy                           0.55      1690
   macro avg       0.40      0.22      0.24      1690
weighted avg       0.55      0.55      0.51      1690

[[231  59   0   0   0   0   0   0   0   0   0   1   0  17   0   0   0   0
    1]
 [ 78 468   0   3   0   0   0   0   1   1   0   0   1  38   5   0   0  10
    7]
 [ 26  26   1   0   0   0   0   0   0   0   0   0   0   2   1   0   0   0
    0]
 [ 14  68   0  18   0   0   0   0   0   0   0   0   0   1   2   0   0   0
    4]
 [  4   2   0   0   0   0   0   0   0   0   0   0   0  12   0   0   0   0
    1]
 [  1   5   0   0   0   0   0   0   0   0   0   0   0   9   0   0   0   0
    0]
 [  3   6   0   0   0   0   0   0   0   0   0   0   0   4   0   0   0   0
    0]
 [  1   1   0   0   0   0   0   0   0   0   0   0   0   0   0   0   0   0
    0]
 [  9  14   0   1   0   0   0   0   6   0   0   1   0   1   5   0   0   0
    1]
 [  3  10   0   0   0   0   0   0   0   1   0   1   0   1   1   0   0   1
    0]
 [  1   2   0   0   0   0   0   0   0   0   1   0   0   1   0   0   0   0
    0]
 [  3  10   0   0   0   0   0   0   3   0   0   8   0   2   1   0   0   0
    2]
 [  4   6   0   1   0   0   0   0   0   0   0   0   0   2   1   0   0   0
   12]
 [ 37  72   0   1   3   0   0   0   0   0   0   0   0  82   0   0   0   2
    6]
 [  6  29   0   1   0   0   0   0   0   0   0   1   1   9  50   0   0   1
    0]
 [  4  12   0   0   0   0   0   0   0   0   0   0   0   1   0   0   0   0
    0]
 [  1   2   0   0   0   0   0   0   0   0   0   0   0   0   0   0   0   0
    1]
 [  3  17   0   0   0   0   0   0   0   0   0   0   0   2   0   0   0   5
    0]
 [  0  14   0   0   0   0   0   0   0   0   0   2   0   2   2   0   0   6
   66]]
              precision    recall  f1-score   support

           1       0.54      0.75      0.63       309
           2       0.57      0.76      0.65       612
           3       1.00      0.02      0.04        56
           4       0.72      0.17      0.27       107
           5       0.00      0.00      0.00        19
           6       0.00      0.00      0.00        15
           7       0.00      0.00      0.00        13
           8       0.00      0.00      0.00         2
           9       0.60      0.16      0.25        38
          10       0.50      0.06      0.10        18
          11       1.00      0.20      0.33         5
          12       0.57      0.28      0.37        29
          13       0.00      0.00      0.00        26
          14       0.44      0.40      0.42       203
          15       0.74      0.51      0.60        98
          16       0.00      0.00      0.00        17
          18       0.00      0.00      0.00         4
          19       0.20      0.19      0.19        27
          21       0.65      0.72      0.68        92

    accuracy                           0.55      1690
   macro avg       0.40      0.22      0.24      1690
weighted avg       0.55      0.55      0.51      1690

[[231  59   0   0   0   0   0   0   0   0   0   1   0  17   0   0   0   0
    1]
 [ 78 468   0   3   0   0   0   0   1   1   0   0   1  38   5   0   0  10
    7]
 [ 26  26   1   0   0   0   0   0   0   0   0   0   0   2   1   0   0   0
    0]
 [ 14  68   0  18   0   0   0   0   0   0   0   0   0   1   2   0   0   0
    4]
 [  4   2   0   0   0   0   0   0   0   0   0   0   0  12   0   0   0   0
    1]
 [  1   5   0   0   0   0   0   0   0   0   0   0   0   9   0   0   0   0
    0]
 [  3   6   0   0   0   0   0   0   0   0   0   0   0   4   0   0   0   0
    0]
 [  1   1   0   0   0   0   0   0   0   0   0   0   0   0   0   0   0   0
    0]
 [  9  14   0   1   0   0   0   0   6   0   0   1   0   1   5   0   0   0
    1]
 [  3  10   0   0   0   0   0   0   0   1   0   1   0   1   1   0   0   1
    0]
 [  1   2   0   0   0   0   0   0   0   0   1   0   0   1   0   0   0   0
    0]
 [  3  10   0   0   0   0   0   0   3   0   0   8   0   2   1   0   0   0
    2]
 [  4   6   0   1   0   0   0   0   0   0   0   0   0   2   1   0   0   0
   12]
 [ 37  72   0   1   3   0   0   0   0   0   0   0   0  82   0   0   0   2
    6]
 [  6  29   0   1   0   0   0   0   0   0   0   1   1   9  50   0   0   1
    0]
 [  4  12   0   0   0   0   0   0   0   0   0   0   0   1   0   0   0   0
    0]
 [  1   2   0   0   0   0   0   0   0   0   0   0   0   0   0   0   0   0
    1]
 [  3  17   0   0   0   0   0   0   0   0   0   0   0   2   0   0   0   5
    0]
 [  0  14   0   0   0   0   0   0   0   0   0   2   0   2   2   0   0   6
   66]]
              precision    recall  f1-score   support

           1       0.54      0.75      0.63       309
           2       0.57      0.76      0.65       612
           3       1.00      0.02      0.04        56
           4       0.72      0.17      0.27       107
           5       0.00      0.00      0.00        19
           6       0.00      0.00      0.00        15
           7       0.00      0.00      0.00        13
           8       0.00      0.00      0.00         2
           9       0.60      0.16      0.25        38
          10       0.50      0.06      0.10        18
          11       1.00      0.20      0.33         5
          12       0.57      0.28      0.37        29
          13       0.00      0.00      0.00        26
          14       0.44      0.40      0.42       203
          15       0.74      0.51      0.60        98
          16       0.00      0.00      0.00        17
          18       0.00      0.00      0.00         4
          19       0.20      0.19      0.19        27
          21       0.65      0.72      0.68        92

    accuracy                           0.55      1690
   macro avg       0.40      0.22      0.24      1690
weighted avg       0.55      0.55      0.51      1690

