[[244  48   0   0   0   0   0   0   0   0   0   0   0  21   1   0   0   0
    1]
 [ 64 473   0   5   0   0   0   0   0   3   0   2   0  21   2   0   1  10
    6]
 [ 24  19   1   0   0   0   0   0   0   0   0   0   0   5   4   0   0   0
    0]
 [  6  47   0  44   0   0   0   0   0   1   0   0   0   1   1   0   0   1
    4]
 [  5   3   0   0   0   0   0   0   0   0   0   0   0  14   0   0   0   0
    0]
 [  3   7   0   0   0   0   0   0   0   0   0   0   0   4   0   0   0   0
    1]
 [  1   3   0   0   0   0   0   0   0   0   0   0   0   7   0   0   0   0
    0]
 [  0   1   0   0   0   0   0   0   0   0   0   0   0   0   0   0   0   0
    0]
 [  7  17   0   2   0   0   0   0   7   0   0   3   0   3   3   0   0   3
    1]
 [  3   5   0   0   0   0   0   0   0   3   0   0   0   1   2   0   0   2
    0]
 [  1   3   0   0   0   0   0   0   0   0   0   1   0   1   1   0   0   0
    0]
 [  3   6   0   2   0   0   0   0   1   0   0   7   0   1   0   0   0   0
    3]
 [  4  11   0   3   0   0   0   0   0   0   0   0   0   0   0   0   0   0
   14]
 [ 34  86   0   1   0   0   0   0   0   0   0   0   1  76   2   0   0   2
    5]
 [ 12  33   0   6   0   0   0   0   1   0   0   1   0   7  40   0   1   3
    4]
 [  1  11   0   0   0   0   0   0   0   0   0   0   0   1   1   0   0   0
    0]
 [  0   0   0   0   0   0   0   0   0   0   0   0   0   0   0   0   0   0
    0]
 [  5  12   0   0   0   0   0   0   0   0   0   0   0   1   3   0   0  13
    1]
 [  1  12   0   2   0   0   0   0   1   0   0   1   0   3   3   0   1   3
   66]]
              precision    recall  f1-score   support

           1       0.58      0.77      0.67       315
           2       0.59      0.81      0.68       587
           3       1.00      0.02      0.04        53
           4       0.68      0.42      0.52       105
           5       0.00      0.00      0.00        22
           6       0.00      0.00      0.00        15
           7       0.00      0.00      0.00        11
           8       0.00      0.00      0.00         1
           9       0.70      0.15      0.25        46
          10       0.43      0.19      0.26        16
          11       0.00      0.00      0.00         7
          12       0.47      0.30      0.37        23
          13       0.00      0.00      0.00        32
          14       0.46      0.37      0.41       207
          15       0.63      0.37      0.47       108
          16       0.00      0.00      0.00        14
          18       0.00      0.00      0.00         0
          19       0.35      0.37      0.36        35
          21       0.62      0.71      0.66        93

    accuracy                           0.58      1690
   macro avg       0.34      0.24      0.25      1690
weighted avg       0.56      0.58      0.53      1690

[[238  69   2   5   0   0   1   1   0   0   0   0   7   1   0   0   0   2
    0   2]
 [ 54 496   0  12   0   0   0   0   2   0   0   0  20   7   0   0   0   5
    0   3]
 [ 19  17   2   2   0   0   0   0   0   0   0   0   2   0   0   0   0   0
    0   0]
 [  8  42   0  46   0   0   0   2   1   0   0   1   1   2   0   0   0   2
    0   4]
 [  1   4   0   1   0   0   0   0   0   0   0   0  11   0   0   0   0   1
    0   0]
 [  0   6   0   0   0   0   0   0   0   0   0   0   5   0   0   0   0   0
    0   1]
 [  1   3   0   0   0   0   0   0   0   0   0   0   1   0   0   0   0   0
    0   0]
 [  5  13   0   1   0   0   0   6   0   0   1   0   0   0   0   0   0   1
    0   2]
 [  6  16   0   0   0   0   0   0   2   0   0   0   1   0   0   0   0   2
    0   1]
 [  1   2   0   0   0   0   0   0   0   2   0   0   1   1   0   0   0   0
    0   0]
 [  3  12   0   1   0   0   0   4   0   1   8   0   1   0   0   0   0   0
    0   6]
 [  4   8   0   2   0   0   0   0   0   0   0   2   1   1   0   0   0   0
    0   6]
 [ 26  88   0   2   0   2   1   0   0   0   0   1  82   2   0   0   0   2
    0   3]
 [  8  32   0   5   0   0   0   6   0   0   1   0   4  39   0   0   0   2
    0   3]
 [  0   6   0   0   0   0   0   0   0   0   0   0   1   1   0   0   0   0
    0   0]
 [  1   0   0   0   0   0   0   0   0   0   0   0   0   1   0   0   0   0
    0   0]
 [  0   0   0   0   0   0   0   1   0   0   0   0   0   0   0   0   0   0
    0   0]
 [  5  19   0   0   0   0   0   0   0   0   1   0   0   0   0   0   0   7
    0   1]
 [  0   0   0   1   0   0   0   0   0   0   0   0   0   0   0   0   0   0
    0   0]
 [  0  17   0   1   0   0   0   3   0   0   1   1   3   0   0   0   0   1
    0  72]]
              precision    recall  f1-score   support

           1       0.63      0.73      0.67       328
           2       0.58      0.83      0.68       599
           3       0.50      0.05      0.09        42
           4       0.58      0.42      0.49       109
           5       0.00      0.00      0.00        18
           6       0.00      0.00      0.00        12
           7       0.00      0.00      0.00         5
           9       0.26      0.21      0.23        29
          10       0.40      0.07      0.12        28
          11       0.67      0.29      0.40         7
          12       0.67      0.22      0.33        36
          13       0.40      0.08      0.14        24
          14       0.58      0.39      0.47       209
          15       0.71      0.39      0.50       100
          16       0.00      0.00      0.00         8
          17       0.00      0.00      0.00         2
          18       0.00      0.00      0.00         1
          19       0.28      0.21      0.24        33
          20       0.00      0.00      0.00         1
          21       0.69      0.73      0.71        99

    accuracy                           0.59      1690
   macro avg       0.35      0.23      0.25      1690
weighted avg       0.57      0.59      0.56      1690

[[215  69   0   1   0   0   0   0   0   0   0   0  12   2   0   0   0   2
    0   1]
 [ 59 474   0   5   0   0   0   1   2   0   0   0  24   3   0   0   0  10
    0   6]
 [ 24  16   1   1   0   0   0   0   0   0   0   0   6   3   0   0   0   0
    0   0]
 [ 13  46   0  43   0   0   0   0   0   0   1   0   0   3   0   0   0   2
    0   2]
 [  1   4   0   0   0   0   0   0   0   0   1   0  15   0   0   0   0   0
    0   0]
 [  2   5   0   0   0   0   0   0   0   0   0   0   7   0   0   0   0   0
    0   0]
 [  3   6   0   0   0   0   0   0   0   0   0   0   4   0   0   0   0   0
    0   0]
 [ 10  17   0   1   0   0   0   6   0   0   0   0   0   3   0   0   0   2
    0   1]
 [  1  12   0   0   0   0   0   0   6   0   0   0   0   0   0   0   0   4
    0   0]
 [  1   4   0   0   0   0   0   0   0   0   1   0   3   0   0   0   0   0
    0   0]
 [  3  14   0   2   0   0   0   4   0   0   8   0   0   0   0   0   0   0
    0   3]
 [  1   9   0   1   0   0   0   0   0   0   0   3   2   0   0   0   0   0
    0  16]
 [ 28  82   0   1   0   0   0   0   0   0   1   1  72   0   0   0   0   3
    0   4]
 [ 10  29   0   5   0   0   0   4   0   0   1   0   4  40   0   0   0   4
    0   4]
 [  1  11   0   1   0   0   0   0   0   0   0   0   3   4   0   0   0   0
    0   0]
 [  0   0   0   0   0   0   0   0   0   0   0   0   0   1   0   0   0   0
    0   0]
 [  0   0   0   1   0   0   0   1   0   0   0   0   0   0   0   0   0   0
    0   0]
 [  5   8   0   1   0   0   0   0   0   0   1   0   0   1   0   0   0  13
    0   1]
 [  0   1   0   0   0   0   0   0   0   0   0   0   0   0   0   0   0   0
    0   0]
 [  1  19   0   2   0   0   0   0   0   0   3   1   1   2   0   0   0   5
    0  76]]
              precision    recall  f1-score   support

           1       0.57      0.71      0.63       302
           2       0.57      0.81      0.67       584
           3       1.00      0.02      0.04        51
           4       0.66      0.39      0.49       110
           5       0.00      0.00      0.00        21
           6       0.00      0.00      0.00        14
           7       0.00      0.00      0.00        13
           9       0.38      0.15      0.21        40
          10       0.75      0.26      0.39        23
          11       0.00      0.00      0.00         9
          12       0.47      0.24      0.31        34
          13       0.60      0.09      0.16        32
          14       0.47      0.38      0.42       192
          15       0.65      0.40      0.49       101
          16       0.00      0.00      0.00        20
          17       0.00      0.00      0.00         1
          18       0.00      0.00      0.00         2
          19       0.29      0.43      0.35        30
          20       0.00      0.00      0.00         1
          21       0.67      0.69      0.68       110

    accuracy                           0.57      1690
   macro avg       0.35      0.23      0.24      1690
weighted avg       0.55      0.57      0.53      1690

[[242  69   1   0   0   0   0   0   0   0   2   0  10   1   0   0   0   1
    2]
 [ 59 463   0   8   0   0   0   0   1   0   0   1  29   5   0   0   0   7
    9]
 [ 23  16   1   0   0   0   0   0   0   0   0   0   4   1   0   0   0   0
    0]
 [  6  41   0  40   0   0   0   1   0   0   1   1   0   6   0   0   0   1
    2]
 [  2   7   0   2   0   0   0   0   0   0   0   0   9   0   0   0   0   1
    0]
 [  0  11   0   0   0   0   0   0   0   0   0   0   8   0   0   0   0   0
    1]
 [  5   7   0   0   0   0   0   0   0   0   0   0   2   0   0   0   0   0
    0]
 [  3  13   0   4   0   0   0   3   0   0   1   0   1   0   0   0   0   1
    3]
 [  1  12   0   0   0   0   0   0   4   0   0   0   1   2   0   0   0   4
    0]
 [  1   3   0   0   0   0   0   1   0   0   0   0   1   0   0   0   0   0
    0]
 [  5   9   0   2   0   0   0   2   0   0  13   0   1   0   0   0   0   0
    2]
 [  2   6   0   3   0   0   0   1   0   0   0   2   3   1   0   0   1   0
   16]
 [ 26  78   0   4   0   1   0   0   0   0   1   0  72   0   0   0   0   3
    2]
 [  9  34   0   9   0   0   0   3   0   0   0   1   5  49   0   0   0   3
    2]
 [  0   9   0   0   0   0   1   1   0   0   0   0   2   0   0   0   0   0
    0]
 [  1   0   0   0   0   0   0   0   0   0   0   0   0   0   0   0   0   0
    0]
 [  0   0   0   0   0   0   0   1   0   0   0   0   0   0   0   0   0   0
    0]
 [  1  16   0   0   0   0   0   0   0   0   2   0   2   0   0   0   0  11
    3]
 [  0  18   0   1   0   0   0   1   0   0   2   0   4   2   0   0   2   1
   70]]
              precision    recall  f1-score   support

           1       0.63      0.74      0.68       328
           2       0.57      0.80      0.66       582
           3       0.50      0.02      0.04        45
           4       0.55      0.40      0.47        99
           5       0.00      0.00      0.00        21
           6       0.00      0.00      0.00        20
           7       0.00      0.00      0.00        14
           9       0.21      0.10      0.14        29
          10       0.80      0.17      0.28        24
          11       0.00      0.00      0.00         6
          12       0.59      0.38      0.46        34
          13       0.40      0.06      0.10        35
          14       0.47      0.39      0.42       187
          15       0.73      0.43      0.54       115
          16       0.00      0.00      0.00        13
          17       0.00      0.00      0.00         1
          18       0.00      0.00      0.00         1
          19       0.33      0.31      0.32        35
          21       0.62      0.69      0.66       101

    accuracy                           0.57      1690
   macro avg       0.34      0.24      0.25      1690
weighted avg       0.54      0.57      0.54      1690

