[[  0   0   1   0   0   0   0   0   0   0   0   0   0   0   0   0   0   0
    0   0   0]
 [  0   0 298   0   0   0   0   0   0   0   0   0   0   0   7   9   0   0
    0   0   0]
 [  0   0 556   0   0   0   0   0   0   0   0   0   0   0  21  23   0   0
    0   0   0]
 [  0   0  44   0   0   0   0   0   0   0   0   0   0   0   2   2   0   0
    0   0   0]
 [  0   0  90   0   0   0   0   0   0   0   0   0   0   0   5   8   0   0
    0   0   0]
 [  0   0  10   0   0   0   0   0   0   0   0   0   0   0  11   2   0   0
    0   0   0]
 [  0   0   3   0   0   0   0   0   0   0   0   0   0   0  13   2   0   0
    0   0   0]
 [  0   0   1   0   0   0   0   0   0   0   0   0   0   0  10   0   0   0
    0   0   0]
 [  0   0   1   0   0   0   0   0   0   0   0   0   0   0   0   0   0   0
    0   0   0]
 [  0   0  10   0   0   0   0   0   0   0   0   0   0   0  14  19   0   0
    0   0   0]
 [  0   0   2   0   0   0   0   0   0   0   0   0   0   0   2  14   0   0
    0   0   0]
 [  0   0   0   0   0   0   0   0   0   0   0   0   0   0   1   5   0   0
    0   0   0]
 [  0   0   6   0   0   0   0   0   0   0   0   0   0   0   8  18   0   0
    0   0   0]
 [  0   0   7   0   0   0   0   0   0   0   0   0   0   0  21   0   0   0
    0   0   0]
 [  0   0   9   0   0   0   0   0   0   0   0   0   0   0 197   3   0   0
    0   0   0]
 [  0   0  29   0   0   0   0   0   0   0   0   0   0   0  17  44   0   0
    0   0   0]
 [  0   0   6   0   0   0   0   0   0   0   0   0   0   0   0   4   0   0
    0   0   0]
 [  0   0   0   0   0   0   0   0   0   0   0   0   0   0   0   1   0   0
    0   0   0]
 [  0   0   2   0   0   0   0   0   0   0   0   0   0   0   0   1   0   0
    0   0   0]
 [  0   0   0   0   0   0   0   0   0   0   0   0   0   0   1  26   0   0
    0   0   0]
 [  0   0   3   0   0   0   0   0   0   0   0   0   0   0 100   1   0   0
    0   0   0]]
              precision    recall  f1-score   support

           0       0.00      0.00      0.00         1
           1       0.00      0.00      0.00       314
           2       0.52      0.93      0.66       600
           3       0.00      0.00      0.00        48
           4       0.00      0.00      0.00       103
           5       0.00      0.00      0.00        23
           6       0.00      0.00      0.00        18
           7       0.00      0.00      0.00        11
           8       0.00      0.00      0.00         1
           9       0.00      0.00      0.00        43
          10       0.00      0.00      0.00        18
          11       0.00      0.00      0.00         6
          12       0.00      0.00      0.00        32
          13       0.00      0.00      0.00        28
          14       0.46      0.94      0.62       209
          15       0.24      0.49      0.32        90
          16       0.00      0.00      0.00        10
          17       0.00      0.00      0.00         1
          18       0.00      0.00      0.00         3
          19       0.00      0.00      0.00        27
          21       0.00      0.00      0.00       104

    accuracy                           0.47      1690
   macro avg       0.06      0.11      0.08      1690
weighted avg       0.25      0.47      0.33      1690

[[  0 285   0   0   0   0   0   0   0   0   0   0   0  11   7   0   0   0
    0   5]
 [  0 553   0   0   0   0   0   0   0   0   0   0   0  19  15   0   0   0
    0   2]
 [  0  46   0   0   0   0   0   0   0   0   0   0   0   4   1   0   0   0
    0   1]
 [  0  95   0   0   0   0   0   0   0   0   0   0   0   5   4   0   0   0
    0   1]
 [  0  12   0   0   0   0   0   0   0   0   0   0   0   7   1   0   0   0
    0   0]
 [  0   1   0   0   0   0   0   0   0   0   0   0   0  19   3   0   0   0
    0   1]
 [  0   2   0   0   0   0   0   0   0   0   0   0   0  15   1   0   0   0
    0   0]
 [  0   1   0   0   0   0   0   0   0   0   0   0   0   0   0   0   0   0
    0   0]
 [  0  14   0   0   0   0   0   0   0   0   0   0   0   8  13   0   0   0
    0   2]
 [  0   4   0   0   0   0   0   0   0   0   0   0   0   2  15   0   0   0
    0   0]
 [  0   2   0   0   0   0   0   0   0   0   0   0   0   2   2   0   0   0
    0   1]
 [  0   2   0   0   0   0   0   0   0   0   0   0   0   2  17   0   0   0
    0   0]
 [  0  12   0   0   0   0   0   0   0   0   0   0   0   6   1   0   0   0
    0  11]
 [  0   5   0   0   0   0   0   0   0   0   0   0   0 193   5   0   0   0
    0   3]
 [  0  45   0   0   0   0   0   0   0   0   0   0   0  17  54   0   0   0
    0   2]
 [  0  11   0   0   0   0   0   0   0   0   0   0   0   2   4   0   0   0
    0   0]
 [  0   0   0   0   0   0   0   0   0   0   0   0   0   0   1   0   0   0
    0   0]
 [  0   0   0   0   0   0   0   0   0   0   0   0   0   0   1   0   0   0
    0   0]
 [  0   0   0   0   0   0   0   0   0   0   0   0   0   0  23   0   0   0
    0   0]
 [  0   3   0   0   0   0   0   0   0   0   0   0   0   5   3   0   0   0
    0  80]]
              precision    recall  f1-score   support

           1       0.00      0.00      0.00       308
           2       0.51      0.94      0.66       589
           3       0.00      0.00      0.00        52
           4       0.00      0.00      0.00       105
           5       0.00      0.00      0.00        20
           6       0.00      0.00      0.00        24
           7       0.00      0.00      0.00        18
           8       0.00      0.00      0.00         1
           9       0.00      0.00      0.00        37
          10       0.00      0.00      0.00        21
          11       0.00      0.00      0.00         7
          12       0.00      0.00      0.00        21
          13       0.00      0.00      0.00        30
          14       0.61      0.94      0.74       206
          15       0.32      0.46      0.37       118
          16       0.00      0.00      0.00        17
          17       0.00      0.00      0.00         1
          18       0.00      0.00      0.00         1
          19       0.00      0.00      0.00        23
          21       0.73      0.88      0.80        91

    accuracy                           0.52      1690
   macro avg       0.11      0.16      0.13      1690
weighted avg       0.31      0.52      0.39      1690

[[  0 307   0   0   0   0   0   0   0   0   0   0   0   9  10   0   0   0
    0]
 [  0 528   0   0   0   0   0   0   0   0   0   0   0  21  20   0   0   0
    0]
 [  0  49   0   0   0   0   0   0   0   0   0   0   0   2   3   0   0   0
    0]
 [  0  88   0   0   0   0   0   0   0   0   0   0   0  10   4   0   0   0
    0]
 [  0   9   0   0   0   0   0   0   0   0   0   0   0   4   1   0   0   0
    0]
 [  0   4   0   0   0   0   0   0   0   0   0   0   0   8   1   0   0   0
    0]
 [  0   0   0   0   0   0   0   0   0   0   0   0   0  15   0   0   0   0
    0]
 [  0   1   0   0   0   0   0   0   0   0   0   0   0   0   0   0   0   0
    0]
 [  0   9   0   0   0   0   0   0   0   0   0   0   0  11  20   0   0   0
    0]
 [  0   5   0   0   0   0   0   0   0   0   0   0   0   1  19   0   0   0
    0]
 [  0   0   0   0   0   0   0   0   0   0   0   0   0   2   1   0   0   0
    0]
 [  0   5   0   0   0   0   0   0   0   0   0   0   0  10  22   0   0   0
    0]
 [  0   9   0   0   0   0   0   0   0   0   0   0   0  23   3   0   0   0
    0]
 [  0   7   0   0   0   0   0   0   0   0   0   0   0 208   2   0   0   0
    0]
 [  0  37   0   0   0   0   0   0   0   0   0   0   0   7  56   0   0   0
    0]
 [  0   6   0   0   0   0   0   0   0   0   0   0   0   3   3   0   0   0
    0]
 [  0   1   0   0   0   0   0   0   0   0   0   0   0   0   2   0   0   0
    0]
 [  0   0   0   0   0   0   0   0   0   0   0   0   0   0  30   0   0   0
    0]
 [  0   3   0   0   0   0   0   0   0   0   0   0   0  90   1   0   0   0
    0]]
              precision    recall  f1-score   support

           1       0.00      0.00      0.00       326
           2       0.49      0.93      0.65       569
           3       0.00      0.00      0.00        54
           4       0.00      0.00      0.00       102
           5       0.00      0.00      0.00        14
           6       0.00      0.00      0.00        13
           7       0.00      0.00      0.00        15
           8       0.00      0.00      0.00         1
           9       0.00      0.00      0.00        40
          10       0.00      0.00      0.00        25
          11       0.00      0.00      0.00         3
          12       0.00      0.00      0.00        37
          13       0.00      0.00      0.00        35
          14       0.49      0.96      0.65       217
          15       0.28      0.56      0.38       100
          16       0.00      0.00      0.00        12
          18       0.00      0.00      0.00         3
          19       0.00      0.00      0.00        30
          21       0.00      0.00      0.00        94

    accuracy                           0.47      1690
   macro avg       0.07      0.13      0.09      1690
weighted avg       0.25      0.47      0.32      1690

