[[  0 317   0   0   0   0   0   0   0   0   0   0   0   0   0   0   0   0
    0]
 [  0 582   0   0   0   0   0   0   0   0   0   0   0   0   0   0   0   0
    0]
 [  0  53   0   0   0   0   0   0   0   0   0   0   0   0   0   0   0   0
    0]
 [  0 112   0   0   0   0   0   0   0   0   0   0   0   0   0   0   0   0
    0]
 [  0  24   0   0   0   0   0   0   0   0   0   0   0   0   0   0   0   0
    0]
 [  0  14   0   0   0   0   0   0   0   0   0   0   0   0   0   0   0   0
    0]
 [  0  12   0   0   0   0   0   0   0   0   0   0   0   0   0   0   0   0
    0]
 [  0   3   0   0   0   0   0   0   0   0   0   0   0   0   0   0   0   0
    0]
 [  0  45   0   0   0   0   0   0   0   0   0   0   0   0   0   0   0   0
    0]
 [  0  28   0   0   0   0   0   0   0   0   0   0   0   0   0   0   0   0
    0]
 [  0   7   0   0   0   0   0   0   0   0   0   0   0   0   0   0   0   0
    0]
 [  0  26   0   0   0   0   0   0   0   0   0   0   0   0   0   0   0   0
    0]
 [  0  31   0   0   0   0   0   0   0   0   0   0   0   0   0   0   0   0
    0]
 [  0 197   0   0   0   0   0   0   0   0   0   0   0   0   0   0   0   0
    0]
 [  0 101   0   0   0   0   0   0   0   0   0   0   0   0   0   0   0   0
    0]
 [  0  13   0   0   0   0   0   0   0   0   0   0   0   0   0   0   0   0
    0]
 [  0  32   0   0   0   0   0   0   0   0   0   0   0   0   0   0   0   0
    0]
 [  0   1   0   0   0   0   0   0   0   0   0   0   0   0   0   0   0   0
    0]
 [  0  92   0   0   0   0   0   0   0   0   0   0   0   0   0   0   0   0
    0]]
              precision    recall  f1-score   support

           1       0.00      0.00      0.00       317
           2       0.34      1.00      0.51       582
           3       0.00      0.00      0.00        53
           4       0.00      0.00      0.00       112
           5       0.00      0.00      0.00        24
           6       0.00      0.00      0.00        14
           7       0.00      0.00      0.00        12
           8       0.00      0.00      0.00         3
           9       0.00      0.00      0.00        45
          10       0.00      0.00      0.00        28
          11       0.00      0.00      0.00         7
          12       0.00      0.00      0.00        26
          13       0.00      0.00      0.00        31
          14       0.00      0.00      0.00       197
          15       0.00      0.00      0.00       101
          16       0.00      0.00      0.00        13
          19       0.00      0.00      0.00        32
          20       0.00      0.00      0.00         1
          21       0.00      0.00      0.00        92

    accuracy                           0.34      1690
   macro avg       0.02      0.05      0.03      1690
weighted avg       0.12      0.34      0.18      1690

[[  0 316   0   0   0   0   0   0   0   0   0   0   0   0   0   0   0   0
    0   0]
 [  0 591   0   0   0   0   0   0   0   0   0   0   0   0   0   0   0   0
    0   0]
 [  0  41   0   0   0   0   0   0   0   0   0   0   0   0   0   0   0   0
    0   0]
 [  0 100   0   0   0   0   0   0   0   0   0   0   0   0   0   0   0   0
    0   0]
 [  0  22   0   0   0   0   0   0   0   0   0   0   0   0   0   0   0   0
    0   0]
 [  0  13   0   0   0   0   0   0   0   0   0   0   0   0   0   0   0   0
    0   0]
 [  0  12   0   0   0   0   0   0   0   0   0   0   0   0   0   0   0   0
    0   0]
 [  0   2   0   0   0   0   0   0   0   0   0   0   0   0   0   0   0   0
    0   0]
 [  0  44   0   0   0   0   0   0   0   0   0   0   0   0   0   0   0   0
    0   0]
 [  0  31   0   0   0   0   0   0   0   0   0   0   0   0   0   0   0   0
    0   0]
 [  0  10   0   0   0   0   0   0   0   0   0   0   0   0   0   0   0   0
    0   0]
 [  0  20   0   0   0   0   0   0   0   0   0   0   0   0   0   0   0   0
    0   0]
 [  0  25   0   0   0   0   0   0   0   0   0   0   0   0   0   0   0   0
    0   0]
 [  0 207   0   0   0   0   0   0   0   0   0   0   0   0   0   0   0   0
    0   0]
 [  0 102   0   0   0   0   0   0   0   0   0   0   0   0   0   0   0   0
    0   0]
 [  0  19   0   0   0   0   0   0   0   0   0   0   0   0   0   0   0   0
    0   0]
 [  0   2   0   0   0   0   0   0   0   0   0   0   0   0   0   0   0   0
    0   0]
 [  0   1   0   0   0   0   0   0   0   0   0   0   0   0   0   0   0   0
    0   0]
 [  0  42   0   0   0   0   0   0   0   0   0   0   0   0   0   0   0   0
    0   0]
 [  0  90   0   0   0   0   0   0   0   0   0   0   0   0   0   0   0   0
    0   0]]
              precision    recall  f1-score   support

           1       0.00      0.00      0.00       316
           2       0.35      1.00      0.52       591
           3       0.00      0.00      0.00        41
           4       0.00      0.00      0.00       100
           5       0.00      0.00      0.00        22
           6       0.00      0.00      0.00        13
           7       0.00      0.00      0.00        12
           8       0.00      0.00      0.00         2
           9       0.00      0.00      0.00        44
          10       0.00      0.00      0.00        31
          11       0.00      0.00      0.00        10
          12       0.00      0.00      0.00        20
          13       0.00      0.00      0.00        25
          14       0.00      0.00      0.00       207
          15       0.00      0.00      0.00       102
          16       0.00      0.00      0.00        19
          17       0.00      0.00      0.00         2
          18       0.00      0.00      0.00         1
          19       0.00      0.00      0.00        42
          21       0.00      0.00      0.00        90

    accuracy                           0.35      1690
   macro avg       0.02      0.05      0.03      1690
weighted avg       0.12      0.35      0.18      1690

[[  0   0   1   0   0   0   0   0   0   0   0   0   0   0   0   0   0   0
    0   0]
 [  0   0 337   0   0   0   0   0   0   0   0   0   0   0   0   0   0   0
    0   0]
 [  0   0 566   0   0   0   0   0   0   0   0   0   0   0   0   0   0   0
    0   0]
 [  0   0  46   0   0   0   0   0   0   0   0   0   0   0   0   0   0   0
    0   0]
 [  0   0 114   0   0   0   0   0   0   0   0   0   0   0   0   0   0   0
    0   0]
 [  0   0  20   0   0   0   0   0   0   0   0   0   0   0   0   0   0   0
    0   0]
 [  0   0  14   0   0   0   0   0   0   0   0   0   0   0   0   0   0   0
    0   0]
 [  0   0  15   0   0   0   0   0   0   0   0   0   0   0   0   0   0   0
    0   0]
 [  0   0   2   0   0   0   0   0   0   0   0   0   0   0   0   0   0   0
    0   0]
 [  0   0  30   0   0   0   0   0   0   0   0   0   0   0   0   0   0   0
    0   0]
 [  0   0  26   0   0   0   0   0   0   0   0   0   0   0   0   0   0   0
    0   0]
 [  0   0   4   0   0   0   0   0   0   0   0   0   0   0   0   0   0   0
    0   0]
 [  0   0  30   0   0   0   0   0   0   0   0   0   0   0   0   0   0   0
    0   0]
 [  0   0  24   0   0   0   0   0   0   0   0   0   0   0   0   0   0   0
    0   0]
 [  0   0 211   0   0   0   0   0   0   0   0   0   0   0   0   0   0   0
    0   0]
 [  0   0 104   0   0   0   0   0   0   0   0   0   0   0   0   0   0   0
    0   0]
 [  0   0   9   0   0   0   0   0   0   0   0   0   0   0   0   0   0   0
    0   0]
 [  0   0   1   0   0   0   0   0   0   0   0   0   0   0   0   0   0   0
    0   0]
 [  0   0  34   0   0   0   0   0   0   0   0   0   0   0   0   0   0   0
    0   0]
 [  0   0 102   0   0   0   0   0   0   0   0   0   0   0   0   0   0   0
    0   0]]
              precision    recall  f1-score   support

           0       0.00      0.00      0.00         1
           1       0.00      0.00      0.00       337
           2       0.33      1.00      0.50       566
           3       0.00      0.00      0.00        46
           4       0.00      0.00      0.00       114
           5       0.00      0.00      0.00        20
           6       0.00      0.00      0.00        14
           7       0.00      0.00      0.00        15
           8       0.00      0.00      0.00         2
           9       0.00      0.00      0.00        30
          10       0.00      0.00      0.00        26
          11       0.00      0.00      0.00         4
          12       0.00      0.00      0.00        30
          13       0.00      0.00      0.00        24
          14       0.00      0.00      0.00       211
          15       0.00      0.00      0.00       104
          16       0.00      0.00      0.00         9
          18       0.00      0.00      0.00         1
          19       0.00      0.00      0.00        34
          21       0.00      0.00      0.00       102

    accuracy                           0.33      1690
   macro avg       0.02      0.05      0.03      1690
weighted avg       0.11      0.33      0.17      1690

