[[227  62   1   1   0   0   0   0   1   0   0   0   0  26   1   0   0   0
    0   0   1]
 [ 74 467   0   5   0   0   0   0   0   2   0   0   2  28   4   0   0   0
    0   0   7]
 [ 27  19   0   0   0   0   0   0   0   0   0   0   0   6   0   0   0   0
    0   0   0]
 [ 19  45   0  35   0   0   0   0   0   0   0   0   1   0   2   0   0   0
    0   0   2]
 [  1   4   0   0   0   0   0   0   0   0   0   0   0  12   0   0   0   0
    0   0   1]
 [  3   6   0   0   0   0   0   0   0   0   0   0   0   8   0   0   0   0
    0   0   0]
 [  3   3   0   0   0   0   0   0   0   0   0   0   0   2   0   1   0   0
    0   0   0]
 [  1   1   0   0   0   0   0   0   0   0   0   0   0   0   0   0   0   0
    0   0   0]
 [  8  19   0   1   0   0   0   0   5   0   0   1   0   0   4   0   0   0
    0   0   1]
 [  2  12   0   0   0   0   0   0   0   3   0   0   0   0   0   0   0   0
    0   0   0]
 [  2   0   0   0   0   0   0   0   0   0   1   0   0   2   0   0   0   0
    0   0   0]
 [  1   8   0   1   0   0   0   0   3   0   0  10   0   0   0   0   0   0
    0   0   3]
 [  3   6   0   0   0   0   0   0   0   0   0   0   2   3   1   0   0   0
    0   0  10]
 [ 24  82   0   0   0   0   0   0   0   0   0   2   0  82   2   0   0   0
    0   0   3]
 [  6  46   0   4   0   0   0   0   1   0   0   1   0   3  48   0   0   0
    0   0   1]
 [  2  10   0   0   0   0   0   0   0   0   0   0   0   2   1   0   0   0
    0   0   0]
 [  0   0   0   0   0   0   0   0   0   0   0   0   0   0   1   0   0   0
    0   0   0]
 [  0   1   0   0   0   0   0   0   0   0   0   0   0   0   0   0   0   0
    0   0   1]
 [  4  38   0   0   0   0   0   0   0   0   0   1   0   1   2   0   0   0
    0   0   0]
 [  0   0   0   1   0   0   0   0   0   0   0   0   0   0   0   0   0   0
    0   0   0]
 [  0  19   0   1   0   0   0   0   1   0   0   2   1   3   1   0   0   0
    0   0  69]]
              precision    recall  f1-score   support

           1       0.56      0.71      0.62       320
           2       0.55      0.79      0.65       589
           3       0.00      0.00      0.00        52
           4       0.71      0.34      0.46       104
           5       0.00      0.00      0.00        18
           6       0.00      0.00      0.00        17
           7       0.00      0.00      0.00         9
           8       0.00      0.00      0.00         2
           9       0.45      0.13      0.20        39
          10       0.60      0.18      0.27        17
          11       1.00      0.20      0.33         5
          12       0.59      0.38      0.47        26
          13       0.33      0.08      0.13        25
          14       0.46      0.42      0.44       195
          15       0.72      0.44      0.54       110
          16       0.00      0.00      0.00        15
          17       0.00      0.00      0.00         1
          18       0.00      0.00      0.00         2
          19       0.00      0.00      0.00        46
          20       0.00      0.00      0.00         1
          21       0.70      0.71      0.70        97

    accuracy                           0.56      1690
   macro avg       0.32      0.21      0.23      1690
weighted avg       0.51      0.56      0.52      1690

[[  0   0   1   0   0   0   0   0   0   0   0   0   0   0   0   0   0   0
    0   0   0]
 [  0 237  62   0   0   0   0   1   0   1   0   0   0   0  14   2   0   0
    0   0   1]
 [  0  76 477   0   4   0   0   1   0   0   0   0   0   0  29   5   0   0
    0   0  10]
 [  0  28  13   1   0   0   0   1   0   0   0   0   0   0   5   1   0   0
    0   0   0]
 [  0  10  50   0  40   0   0   0   0   0   0   0   0   1   2   3   0   0
    0   0   2]
 [  0   5   3   0   0   0   0   0   0   0   0   0   0   0  10   1   0   0
    0   0   0]
 [  0   2   9   0   0   0   0   0   0   0   0   0   0   0   3   0   0   0
    0   0   0]
 [  0   2   5   0   0   0   0   0   0   0   0   0   0   0   4   0   1   0
    0   0   0]
 [  0   1   1   0   0   0   0   0   0   0   0   0   0   0   0   0   0   0
    0   0   0]
 [  0   9  21   0   0   0   0   0   0   4   0   0   2   0   0   2   0   0
    0   1   1]
 [  0   2  16   0   0   0   0   0   0   0   4   0   0   0   2   2   0   0
    0   0   1]
 [  0   3   4   0   0   0   0   0   0   0   0   1   0   0   0   0   0   0
    0   0   0]
 [  0   1   8   0   0   0   0   0   0   0   0   1  10   0   0   0   0   0
    1   0   0]
 [  0   2   6   0   0   0   0   0   0   0   0   0   0   3   0   2   0   0
    0   0  14]
 [  0  26  82   0   0   0   0   2   0   0   0   0   0   1  75   2   0   0
    0   2   4]
 [  0   7  34   0   3   0   0   0   0   2   0   0   1   0   4  43   0   0
    0   1   6]
 [  0   3   7   0   0   0   0   0   0   0   0   0   0   0   0   1   0   0
    0   0   0]
 [  0   0   0   0   0   0   0   0   0   0   0   0   0   0   0   1   0   0
    0   0   0]
 [  0   0   0   0   0   0   0   0   0   0   0   0   0   0   0   0   0   0
    0   0   0]
 [  0   6  21   0   0   0   0   0   0   0   0   0   4   0   1   2   0   0
    0   5   2]
 [  0   0  15   0   1   0   0   0   0   0   0   0   1   0   3   3   0   0
    0   1  70]]
              precision    recall  f1-score   support

           0       0.00      0.00      0.00         1
           1       0.56      0.75      0.64       318
           2       0.57      0.79      0.66       602
           3       1.00      0.02      0.04        49
           4       0.83      0.37      0.51       108
           5       0.00      0.00      0.00        19
           6       0.00      0.00      0.00        14
           7       0.00      0.00      0.00        12
           8       0.00      0.00      0.00         2
           9       0.57      0.10      0.17        40
          10       1.00      0.15      0.26        27
          11       0.50      0.12      0.20         8
          12       0.56      0.48      0.51        21
          13       0.60      0.11      0.19        27
          14       0.49      0.39      0.43       194
          15       0.61      0.43      0.50       101
          16       0.00      0.00      0.00        11
          17       0.00      0.00      0.00         1
          18       0.00      0.00      0.00         0
          19       0.50      0.12      0.20        41
          21       0.63      0.74      0.68        94

    accuracy                           0.57      1690
   macro avg       0.40      0.22      0.24      1690
weighted avg       0.58      0.57      0.53      1690

[[226  68   0   0   0   0   0   0   0   0   0   0   0  15   0   0   0   0
    0   0]
 [ 60 467   0   4   0   0   0   0   0   1   0   0   0  27   3   0   0   0
    3   3]
 [ 26  22   0   0   0   0   0   0   0   0   0   0   0   7   0   0   0   0
    1   0]
 [  6  65   0  30   0   0   0   0   0   0   0   0   1   2   3   0   0   0
    0   4]
 [  4   3   0   0   0   0   0   0   0   0   0   0   0  15   0   0   0   0
    1   1]
 [  2   8   0   0   0   0   0   0   0   0   0   0   0   8   0   0   0   0
    0   0]
 [  5   8   0   0   0   0   0   0   0   0   0   0   0   3   0   1   0   0
    0   0]
 [  2   0   0   0   0   0   0   0   0   0   0   0   0   0   0   0   0   0
    0   0]
 [ 12  11   0   1   0   0   0   0   5   0   0   2   0   0   3   0   0   0
    1   2]
 [  4  16   0   0   0   0   0   0   0   3   0   0   0   1   0   0   0   0
    1   0]
 [  2   1   0   0   0   0   0   0   0   0   1   1   0   0   0   0   0   0
    0   0]
 [  2  12   0   0   0   0   0   0   3   0   0  10   0   1   0   0   0   0
    0   2]
 [  3   9   0   1   0   0   0   0   0   0   0   0   4   2   0   0   0   0
    0  11]
 [ 28  82   2   0   0   0   0   0   0   0   0   0   1  80   2   0   0   0
    1   4]
 [  6  35   0   2   0   0   0   0   1   0   0   1   0   4  45   0   0   0
    3   3]
 [  1  11   0   0   0   0   0   0   0   0   0   0   0   1   2   1   0   0
    0   0]
 [  0   0   0   0   0   0   0   0   0   0   0   0   0   0   1   0   0   0
    0   0]
 [  0   1   0   0   0   0   0   0   0   0   0   0   0   0   0   0   0   0
    0   1]
 [  7  12   0   0   0   0   0   0   0   0   0   0   0   1   0   0   0   0
   10   1]
 [  0  38   0   0   0   0   0   0   2   0   0   2   2   4   0   0   0   0
    4  56]]
              precision    recall  f1-score   support

           1       0.57      0.73      0.64       309
           2       0.54      0.82      0.65       568
           3       0.00      0.00      0.00        56
           4       0.79      0.27      0.40       111
           5       0.00      0.00      0.00        24
           6       0.00      0.00      0.00        18
           7       0.00      0.00      0.00        17
           8       0.00      0.00      0.00         2
           9       0.45      0.14      0.21        37
          10       0.75      0.12      0.21        25
          11       1.00      0.20      0.33         5
          12       0.62      0.33      0.43        30
          13       0.50      0.13      0.21        30
          14       0.47      0.40      0.43       200
          15       0.76      0.45      0.57       100
          16       0.50      0.06      0.11        16
          17       0.00      0.00      0.00         1
          18       0.00      0.00      0.00         2
          19       0.40      0.32      0.36        31
          21       0.64      0.52      0.57       108

    accuracy                           0.56      1690
   macro avg       0.40      0.22      0.26      1690
weighted avg       0.53      0.56      0.51      1690

