[[238  66   0   0   0   0   0   0   0   0   0   0   0   4   1   0   0   0
    0]
 [ 86 484   0   2   0   0   0   0   1   1   0   2   3  20   7   0   0   5
    1]
 [ 21  28   2   0   0   0   0   0   0   0   0   1   0   4   0   0   0   0
    0]
 [ 11  62   0  19   0   0   0   0   0   0   0   0   1   3   6   0   0   1
    4]
 [  4   8   0   1   0   0   0   0   0   0   0   0   0   5   0   0   0   1
    0]
 [  0   4   0   0   0   0   0   0   0   0   0   0   0  11   0   0   0   0
    0]
 [  0   3   0   0   0   0   0   0   0   0   0   0   0   9   1   0   0   0
    0]
 [  0   2   0   0   0   0   0   0   0   0   0   0   0   0   0   0   0   0
    0]
 [  4   7   0   1   0   0   0   0   7   1   0   2   0   8   7   0   0   0
    1]
 [  3   1   0   0   0   0   0   0   1   6   0   1   0   1   2   1   0   2
    0]
 [  0   1   0   0   0   0   0   0   0   0   1   0   0   2   0   0   0   0
    1]
 [  2   1   0   0   0   0   0   0   3   4   0   9   0   4   2   0   0   2
    2]
 [  1   4   0   0   0   0   0   0   0   0   0   0   0   8   2   0   0   0
   11]
 [  2   9   0   1   3   0   0   0   0   0   0   0   0 181   0   0   0   2
    5]
 [  2  27   0   2   0   0   0   0   1   3   0   0   0   6  55   0   0   1
    1]
 [  1  10   0   0   0   0   0   0   0   0   0   0   0   4   0   0   0   2
    0]
 [  0   1   0   0   0   0   0   0   0   0   0   1   0   0   1   0   0   1
    0]
 [  0   0   0   0   0   0   0   0   0   1   0   0   0   1   3   0   0  22
    0]
 [  0   4   0   0   0   0   0   0   0   0   0   0   0  11   9   0   0   1
   67]]
              precision    recall  f1-score   support

           1       0.63      0.77      0.70       309
           2       0.67      0.79      0.73       612
           3       1.00      0.04      0.07        56
           4       0.73      0.18      0.29       107
           5       0.00      0.00      0.00        19
           6       0.00      0.00      0.00        15
           7       0.00      0.00      0.00        13
           8       0.00      0.00      0.00         2
           9       0.54      0.18      0.27        38
          10       0.38      0.33      0.35        18
          11       1.00      0.20      0.33         5
          12       0.56      0.31      0.40        29
          13       0.00      0.00      0.00        26
          14       0.64      0.89      0.75       203
          15       0.57      0.56      0.57        98
          16       0.00      0.00      0.00        17
          18       0.00      0.00      0.00         4
          19       0.55      0.81      0.66        27
          21       0.72      0.73      0.72        92

    accuracy                           0.65      1690
   macro avg       0.42      0.31      0.31      1690
weighted avg       0.63      0.65      0.60      1690

[[238  66   0   0   0   0   0   0   0   0   0   0   0   4   1   0   0   0
    0]
 [ 86 484   0   2   0   0   0   0   1   1   0   2   3  20   7   0   0   5
    1]
 [ 21  28   2   0   0   0   0   0   0   0   0   1   0   4   0   0   0   0
    0]
 [ 11  62   0  19   0   0   0   0   0   0   0   0   1   3   6   0   0   1
    4]
 [  4   8   0   1   0   0   0   0   0   0   0   0   0   5   0   0   0   1
    0]
 [  0   4   0   0   0   0   0   0   0   0   0   0   0  11   0   0   0   0
    0]
 [  0   3   0   0   0   0   0   0   0   0   0   0   0   9   1   0   0   0
    0]
 [  0   2   0   0   0   0   0   0   0   0   0   0   0   0   0   0   0   0
    0]
 [  4   7   0   1   0   0   0   0   7   1   0   2   0   8   7   0   0   0
    1]
 [  3   1   0   0   0   0   0   0   1   6   0   1   0   1   2   1   0   2
    0]
 [  0   1   0   0   0   0   0   0   0   0   1   0   0   2   0   0   0   0
    1]
 [  2   1   0   0   0   0   0   0   3   4   0   9   0   4   2   0   0   2
    2]
 [  1   4   0   0   0   0   0   0   0   0   0   0   0   8   2   0   0   0
   11]
 [  2   9   0   1   3   0   0   0   0   0   0   0   0 181   0   0   0   2
    5]
 [  2  27   0   2   0   0   0   0   1   3   0   0   0   6  55   0   0   1
    1]
 [  1  10   0   0   0   0   0   0   0   0   0   0   0   4   0   0   0   2
    0]
 [  0   1   0   0   0   0   0   0   0   0   0   1   0   0   1   0   0   1
    0]
 [  0   0   0   0   0   0   0   0   0   1   0   0   0   1   3   0   0  22
    0]
 [  0   4   0   0   0   0   0   0   0   0   0   0   0  11   9   0   0   1
   67]]
              precision    recall  f1-score   support

           1       0.63      0.77      0.70       309
           2       0.67      0.79      0.73       612
           3       1.00      0.04      0.07        56
           4       0.73      0.18      0.29       107
           5       0.00      0.00      0.00        19
           6       0.00      0.00      0.00        15
           7       0.00      0.00      0.00        13
           8       0.00      0.00      0.00         2
           9       0.54      0.18      0.27        38
          10       0.38      0.33      0.35        18
          11       1.00      0.20      0.33         5
          12       0.56      0.31      0.40        29
          13       0.00      0.00      0.00        26
          14       0.64      0.89      0.75       203
          15       0.57      0.56      0.57        98
          16       0.00      0.00      0.00        17
          18       0.00      0.00      0.00         4
          19       0.55      0.81      0.66        27
          21       0.72      0.73      0.72        92

    accuracy                           0.65      1690
   macro avg       0.42      0.31      0.31      1690
weighted avg       0.63      0.65      0.60      1690

[[238  66   0   0   0   0   0   0   0   0   0   0   0   4   1   0   0   0
    0]
 [ 86 484   0   2   0   0   0   0   1   1   0   2   3  20   7   0   0   5
    1]
 [ 21  28   2   0   0   0   0   0   0   0   0   1   0   4   0   0   0   0
    0]
 [ 11  62   0  19   0   0   0   0   0   0   0   0   1   3   6   0   0   1
    4]
 [  4   8   0   1   0   0   0   0   0   0   0   0   0   5   0   0   0   1
    0]
 [  0   4   0   0   0   0   0   0   0   0   0   0   0  11   0   0   0   0
    0]
 [  0   3   0   0   0   0   0   0   0   0   0   0   0   9   1   0   0   0
    0]
 [  0   2   0   0   0   0   0   0   0   0   0   0   0   0   0   0   0   0
    0]
 [  4   7   0   1   0   0   0   0   7   1   0   2   0   8   7   0   0   0
    1]
 [  3   1   0   0   0   0   0   0   1   6   0   1   0   1   2   1   0   2
    0]
 [  0   1   0   0   0   0   0   0   0   0   1   0   0   2   0   0   0   0
    1]
 [  2   1   0   0   0   0   0   0   3   4   0   9   0   4   2   0   0   2
    2]
 [  1   4   0   0   0   0   0   0   0   0   0   0   0   8   2   0   0   0
   11]
 [  2   9   0   1   3   0   0   0   0   0   0   0   0 181   0   0   0   2
    5]
 [  2  27   0   2   0   0   0   0   1   3   0   0   0   6  55   0   0   1
    1]
 [  1  10   0   0   0   0   0   0   0   0   0   0   0   4   0   0   0   2
    0]
 [  0   1   0   0   0   0   0   0   0   0   0   1   0   0   1   0   0   1
    0]
 [  0   0   0   0   0   0   0   0   0   1   0   0   0   1   3   0   0  22
    0]
 [  0   4   0   0   0   0   0   0   0   0   0   0   0  11   9   0   0   1
   67]]
              precision    recall  f1-score   support

           1       0.63      0.77      0.70       309
           2       0.67      0.79      0.73       612
           3       1.00      0.04      0.07        56
           4       0.73      0.18      0.29       107
           5       0.00      0.00      0.00        19
           6       0.00      0.00      0.00        15
           7       0.00      0.00      0.00        13
           8       0.00      0.00      0.00         2
           9       0.54      0.18      0.27        38
          10       0.38      0.33      0.35        18
          11       1.00      0.20      0.33         5
          12       0.56      0.31      0.40        29
          13       0.00      0.00      0.00        26
          14       0.64      0.89      0.75       203
          15       0.57      0.56      0.57        98
          16       0.00      0.00      0.00        17
          18       0.00      0.00      0.00         4
          19       0.55      0.81      0.66        27
          21       0.72      0.73      0.72        92

    accuracy                           0.65      1690
   macro avg       0.42      0.31      0.31      1690
weighted avg       0.63      0.65      0.60      1690

