[[233  43   0   0   0   0   0   0   0   0   0   1   0  16   1   0   0   0
    1]
 [ 60 454   0   1   1   0   0   0   0   0   0   0   0  42   5   0   0   2
    2]
 [ 32  13   3   0   0   0   0   0   0   0   0   0   0   2   1   0   0   0
    1]
 [ 12  78   0  19   0   0   0   0   0   0   0   1   0   5   3   0   0   0
    1]
 [  1   7   0   0   1   0   0   0   0   0   0   0   0   8   0   0   0   0
    0]
 [  3   4   0   0   0   0   0   0   0   0   0   0   0   8   0   0   0   0
    0]
 [  5   1   0   0   0   0   1   0   0   0   0   0   0  10   0   0   0   0
    0]
 [  0   1   0   0   0   0   0   0   0   0   0   0   0   0   0   0   0   0
    0]
 [  7  15   0   0   0   0   0   0   7   0   0   1   0   1   2   0   0   0
    3]
 [  1  10   0   0   0   0   0   0   0   5   0   1   0   1   0   0   0   1
    0]
 [  1   3   0   0   0   0   0   0   0   0   1   0   0   1   0   0   0   0
    0]
 [  0   7   0   1   0   0   0   0   3   0   0  14   0   4   1   0   1   0
    0]
 [  3  15   0   1   0   0   0   0   0   0   0   0   1   1   0   0   0   0
    5]
 [ 28  43   0   1   0   0   0   0   0   0   1   2   0 136   2   0   0   2
    4]
 [ 18  31   0   4   0   0   0   0   2   0   0   0   1  12  48   0   0   1
    1]
 [  3   3   0   0   0   0   1   0   0   0   0   0   0   6   0   0   0   0
    0]
 [  0   2   0   0   0   0   0   0   0   0   0   0   0   0   0   0   0   0
    0]
 [  3  14   0   0   0   0   0   0   0   0   0   1   0   9   0   0   0   7
    2]
 [  0  24   0   1   0   0   0   0   1   0   0   1   0   3   1   0   0   1
   69]]
              precision    recall  f1-score   support

           1       0.57      0.79      0.66       295
           2       0.59      0.80      0.68       567
           3       1.00      0.06      0.11        52
           4       0.68      0.16      0.26       119
           5       0.50      0.06      0.11        17
           6       0.00      0.00      0.00        15
           7       0.50      0.06      0.11        17
           8       0.00      0.00      0.00         1
           9       0.54      0.19      0.29        36
          10       1.00      0.26      0.42        19
          11       0.50      0.17      0.25         6
          12       0.64      0.45      0.53        31
          13       0.50      0.04      0.07        26
          14       0.51      0.62      0.56       219
          15       0.75      0.41      0.53       118
          16       0.00      0.00      0.00        13
          18       0.00      0.00      0.00         2
          19       0.50      0.19      0.28        36
          21       0.78      0.68      0.73       101

    accuracy                           0.59      1690
   macro avg       0.50      0.26      0.29      1690
weighted avg       0.61      0.59      0.55      1690

[[232  55   0   1   0   0   0   0   0   0   0   0   0  12   1   0   0   0
    0   0   2]
 [ 55 466   0   2   0   0   0   0   0   2   0   0   0  37   4   0   0   1
    4   0   6]
 [ 30  19   2   1   0   0   0   0   0   0   0   0   0   7   1   0   0   0
    0   0   0]
 [  7  74   0  25   0   0   0   0   0   0   0   2   1   4   5   0   0   0
    1   0   4]
 [  3   3   0   0   0   0   0   0   0   0   0   0   0   9   0   0   0   0
    0   0   0]
 [  3   4   0   0   0   0   0   0   0   0   0   0   0   9   0   0   0   0
    0   0   0]
 [  2   2   0   0   0   0   1   0   0   0   0   0   0   7   0   1   0   0
    0   0   0]
 [  0   1   0   0   0   0   0   0   0   0   0   0   0   0   0   0   0   0
    0   0   0]
 [  4  21   0   0   0   0   0   0   3   0   0   2   0   4   7   0   0   1
    1   0   2]
 [  1  16   0   0   0   0   0   0   0   4   0   1   0   4   2   0   0   0
    1   0   0]
 [  0   4   0   0   0   0   0   0   0   0   0   0   0   0   0   0   0   0
    0   0   0]
 [  0   7   0   0   0   0   0   0   3   0   0  10   0   1   0   0   0   1
    0   0   4]
 [  2  15   0   0   0   0   0   0   1   0   0   0   3   4   0   0   0   0
    0   0  15]
 [ 29  33   0   1   0   0   0   0   0   0   1   0   0 120   2   0   0   0
    1   0   3]
 [  8  30   0   1   0   0   0   0   1   0   0   0   0  11  45   0   0   0
    2   0   0]
 [  1   4   0   0   0   0   0   0   0   0   0   0   0   4   0   0   0   0
    0   0   0]
 [  1   0   0   0   0   0   0   0   0   0   0   0   0   0   0   0   0   0
    0   0   0]
 [  0   0   0   0   0   0   0   0   0   0   0   0   0   0   0   0   0   0
    0   0   2]
 [  3  14   0   0   0   0   0   0   0   0   0   1   0   5   3   0   0   0
    8   0   0]
 [  0   0   0   1   0   0   0   0   0   0   0   0   0   0   0   0   0   0
    0   0   0]
 [  2  15   0   0   0   0   1   0   2   0   0   2   0   8   2   0   0   0
    5   0  66]]
              precision    recall  f1-score   support

           1       0.61      0.77      0.68       303
           2       0.60      0.81      0.69       577
           3       1.00      0.03      0.06        60
           4       0.78      0.20      0.32       123
           5       0.00      0.00      0.00        15
           6       0.00      0.00      0.00        16
           7       0.50      0.08      0.13        13
           8       0.00      0.00      0.00         1
           9       0.30      0.07      0.11        45
          10       0.67      0.14      0.23        29
          11       0.00      0.00      0.00         4
          12       0.56      0.38      0.45        26
          13       0.75      0.07      0.14        40
          14       0.49      0.63      0.55       190
          15       0.62      0.46      0.53        98
          16       0.00      0.00      0.00         9
          17       0.00      0.00      0.00         1
          18       0.00      0.00      0.00         2
          19       0.35      0.24      0.28        34
          20       0.00      0.00      0.00         1
          21       0.63      0.64      0.64       103

    accuracy                           0.58      1690
   macro avg       0.37      0.22      0.23      1690
weighted avg       0.59      0.58      0.54      1690

[[  0   0   0   0   0   0   0   0   0   0   0   0   0   0   1   0   0   0
    0   0   0]
 [  0 230  59   0   0   0   0   0   0   0   0   0   0   0  16   1   0   0
    0   0   2]
 [  0  76 457   0   2   0   0   0   0   0   0   0   0   1  37   4   0   0
    3   0   5]
 [  0  38   8   1   0   0   0   0   0   0   0   0   0   0   7   1   0   0
    0   0   0]
 [  0  14  69   0  18   0   0   0   0   0   0   0   0   1   2   6   0   0
    0   0   1]
 [  0   2   6   0   0   0   0   0   0   0   0   0   1   0  13   0   0   0
    1   0   0]
 [  0   2   6   0   0   0   0   1   0   0   0   0   0   0  17   0   0   0
    0   0   0]
 [  0   3   1   0   0   0   0   1   0   0   0   0   0   0   9   0   0   0
    0   0   0]
 [  0   1   1   0   0   0   0   0   0   0   0   0   0   0   0   0   0   0
    0   0   0]
 [  0   5  13   0   0   0   0   0   0   1   0   0   1   0   4   2   0   0
    3   0   3]
 [  0   1  12   0   0   0   0   0   0   0   4   0   0   0   6   2   0   0
    7   0   1]
 [  0   0   3   0   0   0   0   0   0   0   0   2   0   0   1   1   0   0
    0   0   0]
 [  0   1   8   0   0   0   0   0   0   1   0   0   6   0  10   0   0   0
    0   0   4]
 [  0   3   8   0   0   0   0   0   0   0   0   0   0   1   4   0   0   0
    0   0  13]
 [  0  31  44   0   0   0   0   0   0   1   0   0   0   0 128   7   0   0
    3   0   0]
 [  0  16  24   0   3   0   0   0   0   0   0   0   0   0   4  50   0   0
    3   0   3]
 [  0   4   2   0   0   0   0   0   0   0   0   0   0   0   1   2   0   0
    0   0   0]
 [  0   0   2   0   0   0   0   0   0   0   0   0   1   0   0   0   0   0
    0   0   1]
 [  0   2   6   0   0   0   0   0   0   0   0   0   0   0   9   1   0   0
    6   0   0]
 [  0   0   0   0   1   0   0   0   0   0   0   0   0   0   0   0   0   0
    0   0   0]
 [  0   0  11   0   0   0   0   0   0   0   0   0   2   1   6   3   0   0
    4   0  52]]
              precision    recall  f1-score   support

           0       0.00      0.00      0.00         1
           1       0.54      0.75      0.62       308
           2       0.62      0.78      0.69       585
           3       1.00      0.02      0.04        55
           4       0.75      0.16      0.27       111
           5       0.00      0.00      0.00        23
           6       0.00      0.00      0.00        26
           7       0.50      0.07      0.12        14
           8       0.00      0.00      0.00         2
           9       0.33      0.03      0.06        32
          10       1.00      0.12      0.22        33
          11       1.00      0.29      0.44         7
          12       0.55      0.20      0.29        30
          13       0.25      0.03      0.06        29
          14       0.47      0.60      0.52       214
          15       0.62      0.49      0.55       103
          16       0.00      0.00      0.00         9
          18       0.00      0.00      0.00         4
          19       0.20      0.25      0.22        24
          20       0.00      0.00      0.00         1
          21       0.61      0.66      0.63        79

    accuracy                           0.57      1690
   macro avg       0.40      0.21      0.23      1690
weighted avg       0.57      0.57      0.52      1690

[[  0   0   0   0   0   0   0   0   0   0   0   0   0   0   1   0   0   0
    0   0   0]
 [  0 242  50   0   0   0   0   0   0   0   0   0   0   0  14   1   0   0
    0   0   0]
 [  0  70 459   0   3   0   0   0   0   1   1   0   1   0  40   5   0   0
    0   5   6]
 [  0  25  13   1   1   0   0   0   0   0   0   0   0   0   3   1   0   0
    0   0   0]
 [  0  11  69   0  14   0   0   0   0   1   1   0   0   0   6   5   0   0
    0   0   3]
 [  0   0   7   0   0   0   0   0   0   0   0   0   1   0   9   0   0   0
    0   0   0]
 [  0   1   4   0   0   0   0   0   0   0   0   0   0   1  10   0   0   0
    0   0   0]
 [  0   4   1   0   0   0   0   0   0   0   0   0   0   0   9   0   0   0
    0   0   0]
 [  0   1   0   0   0   0   0   0   0   0   0   0   0   0   0   0   0   0
    0   0   0]
 [  0   5  16   0   2   0   0   0   0   2   0   0   2   0   1   4   0   0
    0   1   5]
 [  0   3  10   0   0   0   0   0   0   0   3   0   0   0   4   3   0   0
    0   3   0]
 [  0   1   2   0   0   0   0   0   0   0   0   1   0   0   0   0   0   0
    0   0   0]
 [  0   1   8   0   0   0   0   0   0   0   0   2  11   0   3   1   0   0
    1   0   5]
 [  0   4   9   0   1   0   0   0   0   0   0   0   0   3   0   0   0   0
    1   0   9]
 [  0  24  38   0   1   0   1   0   0   0   0   0   3   1 142   1   0   0
    0   0   7]
 [  0  12  29   0   1   0   0   0   0   4   0   0   0   0   9  42   0   0
    0   2   3]
 [  0   3   3   0   0   0   0   1   0   0   0   0   0   0   5   1   0   0
    0   0   0]
 [  0   0   0   0   0   0   0   0   0   0   0   0   0   0   0   1   0   0
    0   0   0]
 [  0   0   1   0   0   0   0   0   0   0   0   0   1   0   0   0   0   0
    0   0   0]
 [  0   1   8   0   0   0   0   0   0   0   0   0   3   0   9   3   0   0
    0   8   0]
 [  0   0  14   0   0   0   0   0   0   1   0   0   1   0   5   1   0   0
    0   1  71]]
              precision    recall  f1-score   support

           0       0.00      0.00      0.00         1
           1       0.59      0.79      0.68       307
           2       0.62      0.78      0.69       591
           3       1.00      0.02      0.04        44
           4       0.61      0.13      0.21       110
           5       0.00      0.00      0.00        17
           6       0.00      0.00      0.00        16
           7       0.00      0.00      0.00        14
           8       0.00      0.00      0.00         1
           9       0.22      0.05      0.09        38
          10       0.60      0.12      0.19        26
          11       0.33      0.25      0.29         4
          12       0.48      0.34      0.40        32
          13       0.60      0.11      0.19        27
          14       0.53      0.65      0.58       218
          15       0.61      0.41      0.49       102
          16       0.00      0.00      0.00        13
          17       0.00      0.00      0.00         1
          18       0.00      0.00      0.00         2
          19       0.40      0.25      0.31        32
          21       0.65      0.76      0.70        94

    accuracy                           0.59      1690
   macro avg       0.34      0.22      0.23      1690
weighted avg       0.57      0.59      0.54      1690

