[[  0 307   0   0   0   0   0   0   0   0   0   0   0   0   0   0   0   0
    0   0   0]
 [  0 573   0   0   0   0   0   0   0   0   0   0   0   0   0   0   0   0
    0   0   0]
 [  0  55   0   0   0   0   0   0   0   0   0   0   0   0   0   0   0   0
    0   0   0]
 [  0 116   0   0   0   0   0   0   0   0   0   0   0   0   0   0   0   0
    0   0   0]
 [  0  20   0   0   0   0   0   0   0   0   0   0   0   0   0   0   0   0
    0   0   0]
 [  0  15   0   0   0   0   0   0   0   0   0   0   0   0   0   0   0   0
    0   0   0]
 [  0  17   0   0   0   0   0   0   0   0   0   0   0   0   0   0   0   0
    0   0   0]
 [  0   1   0   0   0   0   0   0   0   0   0   0   0   0   0   0   0   0
    0   0   0]
 [  0  37   0   0   0   0   0   0   0   0   0   0   0   0   0   0   0   0
    0   0   0]
 [  0  25   0   0   0   0   0   0   0   0   0   0   0   0   0   0   0   0
    0   0   0]
 [  0   7   0   0   0   0   0   0   0   0   0   0   0   0   0   0   0   0
    0   0   0]
 [  0  24   0   0   0   0   0   0   0   0   0   0   0   0   0   0   0   0
    0   0   0]
 [  0  26   0   0   0   0   0   0   0   0   0   0   0   0   0   0   0   0
    0   0   0]
 [  0 213   0   0   0   0   0   0   0   0   0   0   0   0   0   0   0   0
    0   0   0]
 [  0 104   0   0   0   0   0   0   0   0   0   0   0   0   0   0   0   0
    0   0   0]
 [  0  12   0   0   0   0   0   0   0   0   0   0   0   0   0   0   0   0
    0   0   0]
 [  0   1   0   0   0   0   0   0   0   0   0   0   0   0   0   0   0   0
    0   0   0]
 [  0   4   0   0   0   0   0   0   0   0   0   0   0   0   0   0   0   0
    0   0   0]
 [  0  32   0   0   0   0   0   0   0   0   0   0   0   0   0   0   0   0
    0   0   0]
 [  0   1   0   0   0   0   0   0   0   0   0   0   0   0   0   0   0   0
    0   0   0]
 [  0 100   0   0   0   0   0   0   0   0   0   0   0   0   0   0   0   0
    0   0   0]]
              precision    recall  f1-score   support

           1       0.00      0.00      0.00       307
           2       0.34      1.00      0.51       573
           3       0.00      0.00      0.00        55
           4       0.00      0.00      0.00       116
           5       0.00      0.00      0.00        20
           6       0.00      0.00      0.00        15
           7       0.00      0.00      0.00        17
           8       0.00      0.00      0.00         1
           9       0.00      0.00      0.00        37
          10       0.00      0.00      0.00        25
          11       0.00      0.00      0.00         7
          12       0.00      0.00      0.00        24
          13       0.00      0.00      0.00        26
          14       0.00      0.00      0.00       213
          15       0.00      0.00      0.00       104
          16       0.00      0.00      0.00        12
          17       0.00      0.00      0.00         1
          18       0.00      0.00      0.00         4
          19       0.00      0.00      0.00        32
          20       0.00      0.00      0.00         1
          21       0.00      0.00      0.00       100

    accuracy                           0.34      1690
   macro avg       0.02      0.05      0.02      1690
weighted avg       0.11      0.34      0.17      1690

[[  0   0   1   0   0   0   0   0   0   0   0   0   0   0   0   0   0   0
    0   0]
 [  0   0 322   0   0   0   0   0   0   0   0   0   0   0   0   0   0   0
    0   0]
 [  0   0 602   0   0   0   0   0   0   0   0   0   0   0   0   0   0   0
    0   0]
 [  0   0  52   0   0   0   0   0   0   0   0   0   0   0   0   0   0   0
    0   0]
 [  0   0 104   0   0   0   0   0   0   0   0   0   0   0   0   0   0   0
    0   0]
 [  0   0  14   0   0   0   0   0   0   0   0   0   0   0   0   0   0   0
    0   0]
 [  0   0  15   0   0   0   0   0   0   0   0   0   0   0   0   0   0   0
    0   0]
 [  0   0  15   0   0   0   0   0   0   0   0   0   0   0   0   0   0   0
    0   0]
 [  0   0   2   0   0   0   0   0   0   0   0   0   0   0   0   0   0   0
    0   0]
 [  0   0  41   0   0   0   0   0   0   0   0   0   0   0   0   0   0   0
    0   0]
 [  0   0  24   0   0   0   0   0   0   0   0   0   0   0   0   0   0   0
    0   0]
 [  0   0   6   0   0   0   0   0   0   0   0   0   0   0   0   0   0   0
    0   0]
 [  0   0  23   0   0   0   0   0   0   0   0   0   0   0   0   0   0   0
    0   0]
 [  0   0  24   0   0   0   0   0   0   0   0   0   0   0   0   0   0   0
    0   0]
 [  0   0 195   0   0   0   0   0   0   0   0   0   0   0   0   0   0   0
    0   0]
 [  0   0 103   0   0   0   0   0   0   0   0   0   0   0   0   0   0   0
    0   0]
 [  0   0   9   0   0   0   0   0   0   0   0   0   0   0   0   0   0   0
    0   0]
 [  0   0   1   0   0   0   0   0   0   0   0   0   0   0   0   0   0   0
    0   0]
 [  0   0  36   0   0   0   0   0   0   0   0   0   0   0   0   0   0   0
    0   0]
 [  0   0 101   0   0   0   0   0   0   0   0   0   0   0   0   0   0   0
    0   0]]
              precision    recall  f1-score   support

           0       0.00      0.00      0.00         1
           1       0.00      0.00      0.00       322
           2       0.36      1.00      0.53       602
           3       0.00      0.00      0.00        52
           4       0.00      0.00      0.00       104
           5       0.00      0.00      0.00        14
           6       0.00      0.00      0.00        15
           7       0.00      0.00      0.00        15
           8       0.00      0.00      0.00         2
           9       0.00      0.00      0.00        41
          10       0.00      0.00      0.00        24
          11       0.00      0.00      0.00         6
          12       0.00      0.00      0.00        23
          13       0.00      0.00      0.00        24
          14       0.00      0.00      0.00       195
          15       0.00      0.00      0.00       103
          16       0.00      0.00      0.00         9
          18       0.00      0.00      0.00         1
          19       0.00      0.00      0.00        36
          21       0.00      0.00      0.00       101

    accuracy                           0.36      1690
   macro avg       0.02      0.05      0.03      1690
weighted avg       0.13      0.36      0.19      1690

[[  0 319   0   0   0   0   0   0   0   0   0   0   0   0   0   0   0   0
    0]
 [  0 600   0   0   0   0   0   0   0   0   0   0   0   0   0   0   0   0
    0]
 [  0  60   0   0   0   0   0   0   0   0   0   0   0   0   0   0   0   0
    0]
 [  0 101   0   0   0   0   0   0   0   0   0   0   0   0   0   0   0   0
    0]
 [  0  24   0   0   0   0   0   0   0   0   0   0   0   0   0   0   0   0
    0]
 [  0   8   0   0   0   0   0   0   0   0   0   0   0   0   0   0   0   0
    0]
 [  0  12   0   0   0   0   0   0   0   0   0   0   0   0   0   0   0   0
    0]
 [  0  42   0   0   0   0   0   0   0   0   0   0   0   0   0   0   0   0
    0]
 [  0  28   0   0   0   0   0   0   0   0   0   0   0   0   0   0   0   0
    0]
 [  0   5   0   0   0   0   0   0   0   0   0   0   0   0   0   0   0   0
    0]
 [  0  20   0   0   0   0   0   0   0   0   0   0   0   0   0   0   0   0
    0]
 [  0  23   0   0   0   0   0   0   0   0   0   0   0   0   0   0   0   0
    0]
 [  0 201   0   0   0   0   0   0   0   0   0   0   0   0   0   0   0   0
    0]
 [  0 105   0   0   0   0   0   0   0   0   0   0   0   0   0   0   0   0
    0]
 [  0  12   0   0   0   0   0   0   0   0   0   0   0   0   0   0   0   0
    0]
 [  0   1   0   0   0   0   0   0   0   0   0   0   0   0   0   0   0   0
    0]
 [  0   3   0   0   0   0   0   0   0   0   0   0   0   0   0   0   0   0
    0]
 [  0  36   0   0   0   0   0   0   0   0   0   0   0   0   0   0   0   0
    0]
 [  0  90   0   0   0   0   0   0   0   0   0   0   0   0   0   0   0   0
    0]]
              precision    recall  f1-score   support

           1       0.00      0.00      0.00       319
           2       0.36      1.00      0.52       600
           3       0.00      0.00      0.00        60
           4       0.00      0.00      0.00       101
           5       0.00      0.00      0.00        24
           6       0.00      0.00      0.00         8
           7       0.00      0.00      0.00        12
           9       0.00      0.00      0.00        42
          10       0.00      0.00      0.00        28
          11       0.00      0.00      0.00         5
          12       0.00      0.00      0.00        20
          13       0.00      0.00      0.00        23
          14       0.00      0.00      0.00       201
          15       0.00      0.00      0.00       105
          16       0.00      0.00      0.00        12
          17       0.00      0.00      0.00         1
          18       0.00      0.00      0.00         3
          19       0.00      0.00      0.00        36
          21       0.00      0.00      0.00        90

    accuracy                           0.36      1690
   macro avg       0.02      0.05      0.03      1690
weighted avg       0.13      0.36      0.19      1690

