[[218 123   0   0   0   0   0   0   0   0   0   0   0   0   0   0   0   0
    0   0]
 [122 450   0   0   0   0   0   0   0   0   0   0   0   0   0   0   0   0
    0   0]
 [ 49   4   0   0   0   0   0   0   0   0   0   0   0   0   0   0   0   0
    0   0]
 [ 12  92   0   0   0   0   0   0   0   0   0   0   0   0   0   0   0   0
    0   0]
 [  9   9   0   0   0   0   0   0   0   0   0   0   0   0   0   0   0   0
    0   0]
 [  8   8   0   0   0   0   0   0   0   0   0   0   0   0   0   0   0   0
    0   0]
 [  8   1   0   0   0   0   0   0   0   0   0   0   0   0   0   0   0   0
    0   0]
 [  0   1   0   0   0   0   0   0   0   0   0   0   0   0   0   0   0   0
    0   0]
 [ 12  24   0   0   0   0   0   0   0   0   0   0   0   0   0   0   0   0
    0   0]
 [ 11   8   0   0   0   0   0   0   0   0   0   0   0   0   0   0   0   0
    0   0]
 [  0   3   0   0   0   0   0   0   0   0   0   0   0   0   0   0   0   0
    0   0]
 [ 13  14   0   0   0   0   0   0   0   0   0   0   0   0   0   0   0   0
    0   0]
 [ 11  23   0   0   0   0   0   0   0   0   0   0   0   0   0   0   0   0
    0   0]
 [172  31   0   0   0   0   0   0   0   0   0   0   0   0   0   0   0   0
    0   0]
 [ 71  34   0   0   0   0   0   0   0   0   0   0   0   0   0   0   0   0
    0   0]
 [  7   5   0   0   0   0   0   0   0   0   0   0   0   0   0   0   0   0
    0   0]
 [  2   0   0   0   0   0   0   0   0   0   0   0   0   0   0   0   0   0
    0   0]
 [  0   2   0   0   0   0   0   0   0   0   0   0   0   0   0   0   0   0
    0   0]
 [ 35   2   0   0   0   0   0   0   0   0   0   0   0   0   0   0   0   0
    0   0]
 [ 53  43   0   0   0   0   0   0   0   0   0   0   0   0   0   0   0   0
    0   0]]
              precision    recall  f1-score   support

           1       0.27      0.64      0.38       341
           2       0.51      0.79      0.62       572
           3       0.00      0.00      0.00        53
           4       0.00      0.00      0.00       104
           5       0.00      0.00      0.00        18
           6       0.00      0.00      0.00        16
           7       0.00      0.00      0.00         9
           8       0.00      0.00      0.00         1
           9       0.00      0.00      0.00        36
          10       0.00      0.00      0.00        19
          11       0.00      0.00      0.00         3
          12       0.00      0.00      0.00        27
          13       0.00      0.00      0.00        34
          14       0.00      0.00      0.00       203
          15       0.00      0.00      0.00       105
          16       0.00      0.00      0.00        12
          17       0.00      0.00      0.00         2
          18       0.00      0.00      0.00         2
          19       0.00      0.00      0.00        37
          21       0.00      0.00      0.00        96

    accuracy                           0.40      1690
   macro avg       0.04      0.07      0.05      1690
weighted avg       0.23      0.40      0.29      1690

[[181 115   0   0   0   0   0   0   0   0   0   0   0   0   0   0   0   0
    0]
 [120 498   0   0   0   0   0   0   0   0   0   0   0   0   0   0   0   0
    0]
 [ 53   2   0   0   0   0   0   0   0   0   0   0   0   0   0   0   0   0
    0]
 [ 10  92   0   0   0   0   0   0   0   0   0   0   0   0   0   0   0   0
    0]
 [  6   9   0   0   0   0   0   0   0   0   0   0   0   0   0   0   0   0
    0]
 [ 12   8   0   0   0   0   0   0   0   0   0   0   0   0   0   0   0   0
    0]
 [ 16   0   0   0   0   0   0   0   0   0   0   0   0   0   0   0   0   0
    0]
 [  0   2   0   0   0   0   0   0   0   0   0   0   0   0   0   0   0   0
    0]
 [ 16  27   0   0   0   0   0   0   0   0   0   0   0   0   0   0   0   0
    0]
 [ 10   9   0   0   0   0   0   0   0   0   0   0   0   0   0   0   0   0
    0]
 [  0   7   0   0   0   0   0   0   0   0   0   0   0   0   0   0   0   0
    0]
 [  8  18   0   0   0   0   0   0   0   0   0   0   0   0   0   0   0   0
    0]
 [ 12  15   0   0   0   0   0   0   0   0   0   0   0   0   0   0   0   0
    0]
 [159  30   0   0   0   0   0   0   0   0   0   0   0   0   0   0   0   0
    0]
 [ 69  36   0   0   0   0   0   0   0   0   0   0   0   0   0   0   0   0
    0]
 [ 10   0   0   0   0   0   0   0   0   0   0   0   0   0   0   0   0   0
    0]
 [  0   2   0   0   0   0   0   0   0   0   0   0   0   0   0   0   0   0
    0]
 [ 39   2   0   0   0   0   0   0   0   0   0   0   0   0   0   0   0   0
    0]
 [ 58  39   0   0   0   0   0   0   0   0   0   0   0   0   0   0   0   0
    0]]
              precision    recall  f1-score   support

           1       0.23      0.61      0.34       296
           2       0.55      0.81      0.65       618
           3       0.00      0.00      0.00        55
           4       0.00      0.00      0.00       102
           5       0.00      0.00      0.00        15
           6       0.00      0.00      0.00        20
           7       0.00      0.00      0.00        16
           8       0.00      0.00      0.00         2
           9       0.00      0.00      0.00        43
          10       0.00      0.00      0.00        19
          11       0.00      0.00      0.00         7
          12       0.00      0.00      0.00        26
          13       0.00      0.00      0.00        27
          14       0.00      0.00      0.00       189
          15       0.00      0.00      0.00       105
          16       0.00      0.00      0.00        10
          18       0.00      0.00      0.00         2
          19       0.00      0.00      0.00        41
          21       0.00      0.00      0.00        97

    accuracy                           0.40      1690
   macro avg       0.04      0.07      0.05      1690
weighted avg       0.24      0.40      0.30      1690

[[210 114   0   0   0   0   0   0   0   0   0   0   0   0   0   0   0   0
    0   0   0]
 [123 454   0   0   0   0   0   0   0   0   0   0   0   0   0   0   0   0
    0   0   0]
 [ 48   5   0   0   0   0   0   0   0   0   0   0   0   0   0   0   0   0
    0   0   0]
 [  8  93   0   0   0   0   0   0   0   0   0   0   0   0   0   0   0   0
    0   0   0]
 [ 10  15   0   0   0   0   0   0   0   0   0   0   0   0   0   0   0   0
    0   0   0]
 [ 10   3   0   0   0   0   0   0   0   0   0   0   0   0   0   0   0   0
    0   0   0]
 [ 16   1   0   0   0   0   0   0   0   0   0   0   0   0   0   0   0   0
    0   0   0]
 [  0   2   0   0   0   0   0   0   0   0   0   0   0   0   0   0   0   0
    0   0   0]
 [ 10  15   0   0   0   0   0   0   0   0   0   0   0   0   0   0   0   0
    0   0   0]
 [ 14  14   0   0   0   0   0   0   0   0   0   0   0   0   0   0   0   0
    0   0   0]
 [  0   8   0   0   0   0   0   0   0   0   0   0   0   0   0   0   0   0
    0   0   0]
 [ 11  31   0   0   0   0   0   0   0   0   0   0   0   0   0   0   0   0
    0   0   0]
 [ 12  15   0   0   0   0   0   0   0   0   0   0   0   0   0   0   0   0
    0   0   0]
 [167  26   0   0   0   0   0   0   0   0   0   0   0   0   0   0   0   0
    0   0   0]
 [ 76  26   0   0   0   0   0   0   0   0   0   0   0   0   0   0   0   0
    0   0   0]
 [ 14   2   0   0   0   0   0   0   0   0   0   0   0   0   0   0   0   0
    0   0   0]
 [  1   0   0   0   0   0   0   0   0   0   0   0   0   0   0   0   0   0
    0   0   0]
 [  0   1   0   0   0   0   0   0   0   0   0   0   0   0   0   0   0   0
    0   0   0]
 [ 32   3   0   0   0   0   0   0   0   0   0   0   0   0   0   0   0   0
    0   0   0]
 [  0   1   0   0   0   0   0   0   0   0   0   0   0   0   0   0   0   0
    0   0   0]
 [ 65  34   0   0   0   0   0   0   0   0   0   0   0   0   0   0   0   0
    0   0   0]]
              precision    recall  f1-score   support

           1       0.25      0.65      0.36       324
           2       0.53      0.79      0.63       577
           3       0.00      0.00      0.00        53
           4       0.00      0.00      0.00       101
           5       0.00      0.00      0.00        25
           6       0.00      0.00      0.00        13
           7       0.00      0.00      0.00        17
           8       0.00      0.00      0.00         2
           9       0.00      0.00      0.00        25
          10       0.00      0.00      0.00        28
          11       0.00      0.00      0.00         8
          12       0.00      0.00      0.00        42
          13       0.00      0.00      0.00        27
          14       0.00      0.00      0.00       193
          15       0.00      0.00      0.00       102
          16       0.00      0.00      0.00        16
          17       0.00      0.00      0.00         1
          18       0.00      0.00      0.00         1
          19       0.00      0.00      0.00        35
          20       0.00      0.00      0.00         1
          21       0.00      0.00      0.00        99

    accuracy                           0.39      1690
   macro avg       0.04      0.07      0.05      1690
weighted avg       0.23      0.39      0.29      1690

